[HISTORICAL]
# timestamp,action,qiDelta,srDelta,reward
170,0,0,0,0
175,0,0,0,0
180,0,0,0,0
185,0,0,0,0
190,0,0,0,0
195,0,0,0,0
200,0,0,0,0
205,0,0,0,0
210,0,0,0,0
215,0,0,0,0
220,0,0,0,0
225,0,0,0,0
230,0,0,0,0
235,0,0,0,0
240,0,0,0,0
245,0,0,0,0
250,0,0,0,0
255,0,0,0,0
260,0,0,0,0
265,0,0,0,0
270,0,0,0,0
275,0,0,0,0
280,0,0,0,0
285,0,0,0,0
290,0,0,0,0
295,0,0,0,0
300,0,0,0,0
305,0,0,0,0
310,0,0.158038,0.26602,0.313432
315,0,-0.00590816,-0.0196939,-0.0214663
320,0,-0.00590816,-0.0196939,-0.0214663
325,0,-0.00590816,-0.0196939,-0.0214663
330,0,-0.00590816,-0.0196939,-0.0214663
335,0,-0.00590816,-0.0196939,-0.0214663
340,0,-0.00590816,-0.0196939,-0.0214663
345,0,-0.00590816,-0.0196939,-0.0214663
350,0,-0.00590816,-0.0196939,-0.0214663
355,0,-0.00590816,-0.0196939,-0.0214663
360,0,-0.00590816,-0.0196939,-0.0214663
365,0,-0.00590816,-0.0196939,-0.0214663
370,0,-0.00590816,-0.0196939,-0.0214663
375,0,-0.00590816,-0.0196939,-0.0214663
380,0,-0.00590816,-0.0196939,-0.0214663
385,0,-0.00590816,-0.0196939,-0.0214663
390,0,-0.00590816,-0.0196939,-0.0214663
395,0,-0.00590816,-0.0196939,-0.0214663
400,0,-0.00590816,-0.0196939,-0.0214663
405,0,-0.00590816,-0.0196939,-0.0214663
410,0,-0.00590816,-0.0196939,-0.0214663
415,0,-0.00590816,-0.0196939,-0.0214663
420,0,-0.00590816,-0.0196939,-0.0214663
425,0,-0.00590816,-0.0196939,-0.0214663
430,0,-0.00590816,-0.0196939,-0.0214663
435,0,-0.00590816,-0.0196939,-0.0214663
440,0,-0.00590816,-0.0196939,-0.0214663
445,0,-0.00590816,-0.0196939,-0.0214663
450,0,-0.00590816,-0.0196939,-0.0214663
455,0,-0.00590816,-0.0196939,-0.0214663
460,0,0.136445,0.184792,0.225725
465,0,-0.01025,-0.0341667,-0.0372417
470,0,-0.0118125,-0.039375,-0.0429188
475,0,-0.0118125,-0.039375,-0.0429188
480,0,-0.0118125,-0.039375,-0.0429188
485,0,-0.0118125,-0.039375,-0.0429188
490,0,-0.0118125,-0.039375,-0.0429188
495,0,-0.0118125,-0.039375,-0.0429188
500,0,-0.0118125,-0.039375,-0.0429188
505,0,-0.0118125,-0.039375,-0.0429188
510,0,-0.0118125,-0.039375,-0.0429188
515,0,-0.0118125,-0.039375,-0.0429188
520,0,-0.0118125,-0.039375,-0.0429188
525,0,-0.0118125,-0.039375,-0.0429188
530,0,-0.0118125,-0.039375,-0.0429188
535,0,-0.0118125,-0.039375,-0.0429188
540,0,-0.0118125,-0.039375,-0.0429188
545,0,-0.0118125,-0.039375,-0.0429188
550,0,-0.0118125,-0.039375,-0.0429188
555,0,-0.0118125,-0.039375,-0.0429188
560,0,-0.0118125,-0.039375,-0.0429188
565,0,-0.0118125,-0.039375,-0.0429188
570,0,-0.0118125,-0.039375,-0.0429188
575,0,-0.0118125,-0.039375,-0.0429188
580,0,-0.0118125,-0.039375,-0.0429188
585,0,-0.0118125,-0.039375,-0.0429188
590,0,-0.0118125,-0.039375,-0.0429188
595,0,-0.0118125,-0.039375,-0.0429188
600,0,-0.0118125,-0.039375,-0.0429188
605,0,-0.0118125,-0.039375,-0.0429188
610,0,0.200173,0.371809,0.431861
615,0,-0.0177128,-0.0590426,-0.0643564
620,0,-0.0177128,-0.0590426,-0.0643564
625,0,-0.0177128,-0.0590426,-0.0643564
630,0,-0.0177128,-0.0590426,-0.0643564
635,0,-0.0177128,-0.0590426,-0.0643564
640,0,-0.0177128,-0.0590426,-0.0643564
645,0,-0.0177128,-0.0590426,-0.0643564
650,0,-0.0177128,-0.0590426,-0.0643564
655,0,-0.0177128,-0.0590426,-0.0643564
660,0,-0.0177128,-0.0590426,-0.0643564
665,0,-0.0177128,-0.0590426,-0.0643564
670,0,-0.0177128,-0.0590426,-0.0643564
675,0,-0.0177128,-0.0590426,-0.0643564
680,0,-0.0177128,-0.0590426,-0.0643564
685,0,-0.0177128,-0.0590426,-0.0643564
690,0,-0.0177128,-0.0590426,-0.0643564
695,0,-0.0177128,-0.0590426,-0.0643564
700,0,-0.0177128,-0.0590426,-0.0643564
705,0,-0.0177128,-0.0590426,-0.0643564
710,0,-0.0177128,-0.0590426,-0.0643564
715,0,-0.0177128,-0.0590426,-0.0643564
720,0,-0.0177128,-0.0590426,-0.0643564
725,0,-0.0177128,-0.0590426,-0.0643564
730,0,-0.0177128,-0.0590426,-0.0643564
735,0,-0.0177128,-0.0590426,-0.0643564
740,0,-0.0177128,-0.0590426,-0.0643564
745,0,-0.0177128,-0.0590426,-0.0643564
750,0,-0.0177128,-0.0590426,-0.0643564
755,0,-0.0177128,-0.0590426,-0.0643564
760,0,-0.0177128,-0.0590426,-0.0643564
765,0,-0.0177128,-0.0590426,-0.0643564
770,0,-0.0177128,-0.0590426,-0.0643564
775,0,-0.0177128,-0.0590426,-0.0643564
780,0,-0.0177128,-0.0590426,-0.0643564
785,0,-0.0177128,-0.0590426,-0.0643564
790,0,-0.0177128,-0.0590426,-0.0643564
795,0,-0.0177128,-0.0590426,-0.0643564
800,0,-0.0177128,-0.0590426,-0.0643564
805,0,-0.0177128,-0.0590426,-0.0643564
810,0,-0.0177128,-0.0590426,-0.0643564
815,0,-0.0177128,-0.0590426,-0.0643564
820,0,-0.0177128,-0.0590426,-0.0643564
825,0,-0.0177128,-0.0590426,-0.0643564
830,0,-0.0177128,-0.0590426,-0.0643564
835,0,-0.0177128,-0.0590426,-0.0643564
840,0,-0.0177128,-0.0590426,-0.0643564
845,0,-0.0177128,-0.0590426,-0.0643564
850,0,-0.0177128,-0.0590426,-0.0643564
855,0,-0.0177128,-0.0590426,-0.0643564
860,0,-0.0177128,-0.0590426,-0.0643564
865,0,-0.0177128,-0.0590426,-0.0643564
870,0,-0.0177128,-0.0590426,-0.0643564
875,0,-0.0177128,-0.0590426,-0.0643564
880,0,-0.0177128,-0.0590426,-0.0643564
885,0,-0.0177128,-0.0590426,-0.0643564
890,0,-0.0177128,-0.0590426,-0.0643564
[INTUITIVE]
# stateBucket,action,reward_window...
EXISTING_VIABLE,0,-5,-5,-5,-5,-5,-5,-5,-5,-5,-5,-5,-5,-5,-5,-5,-5,-5,-5,-5,-5,-5,-5,-5,-5,-5,-5,-5,-5,-5,-5,-5
EXISTING_VIABLE,1,10,10,10,9.2582,9.12871,10,9.12871,10,8.94427,9.2582,10,9.2582,9.2582,10,9.2582,9.2582,9.2582,10,10,10,10,10,9.2582,9.2582,9.2582,9.2582,9.2582,9.2582,9.2582,9.2582,10,9.2582,9.12871,9.2582,10,9.2582,9.2582,10,9.2582,9.2582,9.2582,10,9.2582,9.2582,10,10,10,9.12871,9.12871,10,9.2582,10,9.2582,10,10,10,9.2582,9.2582,9.2582,9.2582,9.2582,9.2582,9.2582,10,10,9.2582,9.12871,10,10,9.2582,8.94427,9.2582,10,9.2582,10,10,9.12871,9.12871,10,10,8.94427,9.12871,10,9.12871,10,10,10,10,10,10,10,10,9.2582,10,10,10,9.2582,10,10,10
EXISTING_VIABLE,2,10,10,10,10,10,10,10,10,10,10,10,10,10,10,10,10,10,10,10,10,10,10,10,10,10,10,10,10,10,10,10,10,10,10,10,10,10,10,10,10,10,10,10,10,10,10,10,10,10,10,10,10,10,10,10,10,10,10,10,10,10,10,10,10,10,10,10,10,10,10,10,10,10,10,10,10,10,10,10,10,10,10,10,10,10,10,10,10,10,10,10,10,10,10,10,10,10,10,10,10
[QTABLE]
# state,action,q_value
0,0,84.8032
0,1,99.8378
0,2,100
1,0,0
1,1,0
1,2,0
2,0,0
2,1,0
2,2,0
[EPSILON]
# epsilon
0.0430261
[COUNTERS]
# s1count,s2count
919,894
