[HISTORICAL]
# timestamp,action,qiDelta,srDelta,reward
170,0,0,0,0
175,0,0,0,0
180,0,0,0,0
185,0,0,0,0
190,0,0,0,0
195,0,0,0,0
200,0,0,0,0
205,0,0,0,0
210,0,0,0,0
215,0,0,0,0
220,0,0,0,0
225,0,0,0,0
230,0,0,0,0
235,0,0,0,0
240,0,0,0,0
245,0,0,0,0
250,0,0,0,0
255,0,0,0,0
260,0,0,0,0
265,0,0,0,0
270,0,0,0,0
275,0,0,0,0
280,0,0,0,0
285,0,0,0,0
290,0,0,0,0
295,0,0,0,0
300,0,0,0,0
305,0,0,0,0
310,0,0,0,0
315,0,0,0,0
320,0,0,0,0
325,0,0,0,0
330,0,0,0,0
335,0,0,0,0
340,0,0,0,0
345,0,0,0,0
350,0,0,0,0
355,0,0,0,0
360,0,0,0,0
365,0,0,0,0
370,0,0,0,0
375,0,0,0,0
380,0,0,0,0
385,0,0,0,0
390,0,0,0,0
395,0,0,0,0
400,0,0,0,0
405,0,0,0,0
410,0,0,0,0
415,0,0,0,0
420,0,0,0,0
425,0,0,0,0
430,0,0,0,0
435,0,0,0,0
440,0,0,0,0
445,0,0,0,0
450,0,0,0,0
455,0,0,0,0
460,0,0,0,0
465,0,0,0,0
470,0,0,0,0
475,0,0,0,0
480,0,0,0,0
485,0,0,0,0
490,0,0,0,0
495,0,0,0,0
500,0,0,0,0
505,0,0,0,0
510,0,0.15312,0.240748,0.286684
515,0,-0.00460488,-0.0153496,-0.0167311
520,0,-0.00460488,-0.0153496,-0.0167311
525,0,-0.00460488,-0.0153496,-0.0167311
530,0,-0.00460488,-0.0153496,-0.0167311
535,0,-0.00460488,-0.0153496,-0.0167311
540,0,0.0456037,0.00567213,0.0193532
545,0,-0.00690492,-0.0230164,-0.0250879
550,0,-0.00690492,-0.0230164,-0.0250879
555,0,-0.00690492,-0.0230164,-0.0250879
560,0,-0.00690492,-0.0230164,-0.0250879
565,0,-0.00690492,-0.0230164,-0.0250879
570,0,-0.00690492,-0.0230164,-0.0250879
575,0,-0.00690492,-0.0230164,-0.0250879
580,0,-0.00690492,-0.0230164,-0.0250879
585,0,-0.00690492,-0.0230164,-0.0250879
590,0,-0.00690492,-0.0230164,-0.0250879
595,0,-0.00690492,-0.0230164,-0.0250879
600,0,-0.00690492,-0.0230164,-0.0250879
605,0,-0.00690492,-0.0230164,-0.0250879
610,0,-0.00690492,-0.0230164,-0.0250879
615,0,-0.00690492,-0.0230164,-0.0250879
620,0,-0.00690492,-0.0230164,-0.0250879
625,0,-0.00690492,-0.0230164,-0.0250879
630,0,-0.00690492,-0.0230164,-0.0250879
635,0,-0.00690492,-0.0230164,-0.0250879
640,0,-0.00690492,-0.0230164,-0.0250879
645,0,-0.00690492,-0.0230164,-0.0250879
650,0,-0.00690492,-0.0230164,-0.0250879
655,0,-0.00690492,-0.0230164,-0.0250879
660,0,-0.00690492,-0.0230164,-0.0250879
665,0,-0.00690492,-0.0230164,-0.0250879
670,0,-0.00690492,-0.0230164,-0.0250879
675,0,-0.00690492,-0.0230164,-0.0250879
680,0,-0.00690492,-0.0230164,-0.0250879
685,0,-0.00690492,-0.0230164,-0.0250879
690,0,-0.00690492,-0.0230164,-0.0250879
695,0,-0.00690492,-0.0230164,-0.0250879
700,0,-0.00690492,-0.0230164,-0.0250879
705,0,-0.00690492,-0.0230164,-0.0250879
710,0,0.137435,0.226905,0.268135
715,0,-0.0103519,-0.0345062,-0.0376118
720,0,-0.0103519,-0.0345062,-0.0376118
725,0,-0.0103519,-0.0345062,-0.0376118
730,0,-0.0103519,-0.0345062,-0.0376118
735,0,-0.0103519,-0.0345062,-0.0376118
740,0,-0.0103519,-0.0345062,-0.0376118
745,0,-0.0103519,-0.0345062,-0.0376118
750,0,-0.0103519,-0.0345062,-0.0376118
755,0,-0.0103519,-0.0345062,-0.0376118
760,0,-0.0103519,-0.0345062,-0.0376118
765,0,-0.0103519,-0.0345062,-0.0376118
770,0,-0.0103519,-0.0345062,-0.0376118
775,0,-0.0103519,-0.0345062,-0.0376118
780,0,-0.0103519,-0.0345062,-0.0376118
785,0,-0.0103519,-0.0345062,-0.0376118
790,0,-0.0103519,-0.0345062,-0.0376118
795,0,-0.0103519,-0.0345062,-0.0376118
800,0,-0.0103519,-0.0345062,-0.0376118
805,0,-0.0103519,-0.0345062,-0.0376118
810,0,-0.0103519,-0.0345062,-0.0376118
815,0,-0.0103519,-0.0345062,-0.0376118
820,0,-0.0103519,-0.0345062,-0.0376118
825,0,-0.0103519,-0.0345062,-0.0376118
830,0,-0.0103519,-0.0345062,-0.0376118
835,0,-0.0103519,-0.0345062,-0.0376118
840,0,-0.0103519,-0.0345062,-0.0376118
845,0,-0.0103519,-0.0345062,-0.0376118
850,0,-0.0103519,-0.0345062,-0.0376118
855,0,-0.0103519,-0.0345062,-0.0376118
860,0,-0.0103519,-0.0345062,-0.0376118
865,0,-0.0103519,-0.0345062,-0.0376118
870,0,-0.0103519,-0.0345062,-0.0376118
875,0,-0.0103519,-0.0345062,-0.0376118
880,0,-0.0103519,-0.0345062,-0.0376118
885,0,-0.0103519,-0.0345062,-0.0376118
890,0,-0.0103519,-0.0345062,-0.0376118
[INTUITIVE]
# stateBucket,action,reward_window...
EXISTING_VIABLE,0,-5,-5,-5,-5,-5,-5,-5,-5,-5,-5,-5,-5,-5,-5,-5
EXISTING_VIABLE,1,10,9.12871,9.2582,9.2582,9.2582,10,9.2582,10,9.2582,9.2582,9.2582,9.2582,9.12871,9.2582,9.12871,9.12871,9.2582,10,10,9.2582,10,10,9.12871,9.2582,9.2582,9.2582,10,10,9.12871,9.2582,9.2582,10,9.2582,9.2582,9.12871,10,9.2582,9.2582,9.2582,10,9.12871,9.2582,9.12871,10,9.2582,9.12871,9.12871,9.12871,9.2582,9.2582,9.12871,10,9.2582,10,9.12871,9.2582,9.12871,9.12871,9.12871,9.12871,9.12871,10,9.12871,9.12871,9.12871,10,9.12871,10,9.12871,10,9.12871,9.12871,9.12871,10,10,9.12871,9.12871,10,9.12871,10,9.12871,9.12871,10,9.12871,10,9.2582,10,10,10,9.2582,10,10,10,8.94427,9.12871,8.94427,10,9.12871,10,10
EXISTING_VIABLE,2,10,10,10,10,10,10,10,10,10,10,10,10,10,10,10,10,10,10,10,10,10,10,10,10,10,10,10,10,10,10,10,10,10,10,10,10,10,10,10,10,10,10,10,10,10,10,10,10,10,10,10,10,10,10,10,10,10,10,10,10,10,10,10,10,10,10,10,10,10,10,10,10,10,10,10,10,10,10,10,10,10,10,10,10,10,10,10,10,10,10,10,10,10,10,10,10,10,10,10,10
[QTABLE]
# state,action,q_value
0,0,81.6942
0,1,99.1023
0,2,99.9665
1,0,0
1,1,0
1,2,0
2,0,0
2,1,0
2,2,0
[EPSILON]
# epsilon
0.0471433
[COUNTERS]
# s1count,s2count
1209,535
