[HISTORICAL]
# timestamp,action,qiDelta,srDelta,reward
170,0,0,0,0
175,0,0,0,0
180,0,0,0,0
185,0,0,0,0
190,0,0,0,0
195,0,0,0,0
200,0,0,0,0
205,0,0,0,0
210,0,0,0,0
215,0,0,0,0
220,0,0,0,0
225,0,0,0,0
230,0,0,0,0
235,0,0,0,0
240,0,0,0,0
245,0,0,0,0
250,0,0,0,0
255,0,0,0,0
260,0,0,0,0
265,0,0,0,0
270,0,0,0,0
275,0,0,0,0
280,0,0,0,0
285,0,0,0,0
290,0,0,0,0
295,0,0,0,0
300,0,0,0,0
305,0,0,0,0
310,0,0,0,0
315,0,0,0,0
320,0,0,0,0
325,0,0,0,0
330,0,0,0,0
335,0,0,0,0
340,0,0,0,0
345,0,0,0,0
350,0,0,0,0
355,0,0,0,0
360,0,0.163239,0.291741,0.340713
365,0,-0.00357085,-0.0119028,-0.0129741
370,0,-0.00357085,-0.0119028,-0.0129741
375,0,-0.00357085,-0.0119028,-0.0129741
380,0,-0.00357085,-0.0119028,-0.0129741
385,0,-0.00357085,-0.0119028,-0.0129741
390,0,0.109856,0.188327,0.221283
395,0,-0.00595102,-0.0198367,-0.021622
400,0,-0.00595102,-0.0198367,-0.021622
405,0,-0.00595102,-0.0198367,-0.021622
410,0,-0.00595102,-0.0198367,-0.021622
415,0,-0.00595102,-0.0198367,-0.021622
420,0,-0.00595102,-0.0198367,-0.021622
425,0,-0.00595102,-0.0198367,-0.021622
430,0,-0.00595102,-0.0198367,-0.021622
435,0,-0.00595102,-0.0198367,-0.021622
440,0,-0.00595102,-0.0198367,-0.021622
445,0,-0.00595102,-0.0198367,-0.021622
450,0,-0.00595102,-0.0198367,-0.021622
455,0,-0.00595102,-0.0198367,-0.021622
460,0,-0.00595102,-0.0198367,-0.021622
465,0,-0.00595102,-0.0198367,-0.021622
470,0,-0.00595102,-0.0198367,-0.021622
475,0,0.104476,0.169877,0.201219
480,0,-0.0070963,-0.0236543,-0.0257832
485,0,-0.00833086,-0.0277695,-0.0302688
490,0,-0.00833086,-0.0277695,-0.0302688
495,0,-0.00833086,-0.0277695,-0.0302688
500,0,-0.00833086,-0.0277695,-0.0302688
505,0,-0.00833086,-0.0277695,-0.0302688
510,0,-0.00833086,-0.0277695,-0.0302688
515,0,-0.00833086,-0.0277695,-0.0302688
520,0,-0.00833086,-0.0277695,-0.0302688
525,0,-0.00833086,-0.0277695,-0.0302688
530,0,-0.00833086,-0.0277695,-0.0302688
535,0,-0.00833086,-0.0277695,-0.0302688
540,0,-0.00833086,-0.0277695,-0.0302688
545,0,-0.00833086,-0.0277695,-0.0302688
550,0,-0.00833086,-0.0277695,-0.0302688
555,0,-0.00833086,-0.0277695,-0.0302688
560,0,-0.00833086,-0.0277695,-0.0302688
565,0,-0.00833086,-0.0277695,-0.0302688
570,0,-0.00833086,-0.0277695,-0.0302688
575,0,-0.00833086,-0.0277695,-0.0302688
580,0,-0.00833086,-0.0277695,-0.0302688
585,0,-0.00833086,-0.0277695,-0.0302688
590,0,-0.00833086,-0.0277695,-0.0302688
595,0,-0.00833086,-0.0277695,-0.0302688
600,0,-0.00833086,-0.0277695,-0.0302688
605,0,-0.00833086,-0.0277695,-0.0302688
610,0,-0.00833086,-0.0277695,-0.0302688
615,0,-0.00833086,-0.0277695,-0.0302688
620,0,-0.00833086,-0.0277695,-0.0302688
625,0,-0.00833086,-0.0277695,-0.0302688
630,0,-0.00833086,-0.0277695,-0.0302688
635,0,-0.00833086,-0.0277695,-0.0302688
640,0,-0.00833086,-0.0277695,-0.0302688
645,0,-0.00833086,-0.0277695,-0.0302688
650,0,-0.00833086,-0.0277695,-0.0302688
655,0,-0.00833086,-0.0277695,-0.0302688
660,0,-0.00833086,-0.0277695,-0.0302688
665,0,-0.00833086,-0.0277695,-0.0302688
670,0,-0.00833086,-0.0277695,-0.0302688
675,0,-0.00833086,-0.0277695,-0.0302688
680,0,-0.00833086,-0.0277695,-0.0302688
685,0,-0.00833086,-0.0277695,-0.0302688
690,0,-0.00833086,-0.0277695,-0.0302688
695,0,-0.00833086,-0.0277695,-0.0302688
700,0,-0.00833086,-0.0277695,-0.0302688
705,0,-0.00833086,-0.0277695,-0.0302688
710,0,-0.00833086,-0.0277695,-0.0302688
715,0,-0.00833086,-0.0277695,-0.0302688
720,0,-0.00833086,-0.0277695,-0.0302688
725,0,-0.00833086,-0.0277695,-0.0302688
730,0,-0.00833086,-0.0277695,-0.0302688
735,0,-0.00833086,-0.0277695,-0.0302688
740,0,-0.00833086,-0.0277695,-0.0302688
745,0,-0.00833086,-0.0277695,-0.0302688
750,0,-0.00833086,-0.0277695,-0.0302688
755,0,-0.00833086,-0.0277695,-0.0302688
760,0,-0.00833086,-0.0277695,-0.0302688
765,0,-0.00833086,-0.0277695,-0.0302688
770,0,-0.00833086,-0.0277695,-0.0302688
775,0,-0.00833086,-0.0277695,-0.0302688
780,0,-0.00833086,-0.0277695,-0.0302688
785,0,-0.00833086,-0.0277695,-0.0302688
790,0,-0.00833086,-0.0277695,-0.0302688
795,0,-0.00833086,-0.0277695,-0.0302688
800,0,-0.00833086,-0.0277695,-0.0302688
805,0,-0.00833086,-0.0277695,-0.0302688
810,0,-0.00833086,-0.0277695,-0.0302688
815,0,-0.00833086,-0.0277695,-0.0302688
820,0,-0.00833086,-0.0277695,-0.0302688
825,0,-0.00833086,-0.0277695,-0.0302688
830,0,-0.00833086,-0.0277695,-0.0302688
835,0,-0.00833086,-0.0277695,-0.0302688
840,0,-0.00833086,-0.0277695,-0.0302688
845,0,-0.00833086,-0.0277695,-0.0302688
850,0,-0.00833086,-0.0277695,-0.0302688
855,0,-0.00833086,-0.0277695,-0.0302688
860,0,-0.00833086,-0.0277695,-0.0302688
865,0,-0.00833086,-0.0277695,-0.0302688
870,0,-0.00833086,-0.0277695,-0.0302688
875,0,-0.00833086,-0.0277695,-0.0302688
880,0,-0.00833086,-0.0277695,-0.0302688
885,0,-0.00833086,-0.0277695,-0.0302688
890,0,-0.00833086,-0.0277695,-0.0302688
[INTUITIVE]
# stateBucket,action,reward_window...
EXISTING_VIABLE,0,-5,-5,-5,-5,-5,-5,-5,-5,-5,-5
EXISTING_VIABLE,1,9.12871,10,10,9.12871,9.12871,10,9.12871,10,9.12871,9.2582,9.2582,9.2582,10,9.2582,10,9.2582,9.2582,9.2582,9.2582,9.12871,9.2582,9.12871,9.12871,9.2582,10,10,9.2582,10,10,9.12871,9.2582,9.2582,9.2582,10,10,9.12871,9.2582,9.2582,10,9.2582,9.2582,9.12871,10,9.2582,9.2582,9.2582,10,9.12871,9.2582,9.12871,10,9.2582,9.12871,9.12871,9.12871,9.2582,9.2582,9.12871,10,9.2582,10,9.12871,9.2582,9.12871,9.12871,9.12871,9.12871,9.12871,10,9.12871,9.12871,9.12871,10,9.12871,10,9.12871,10,9.12871,9.12871,9.12871,10,10,9.12871,9.12871,10,9.12871,10,9.12871,9.12871,10,9.12871,10,9.2582,10,10,10,9.2582,10,10,10
EXISTING_VIABLE,2,10,10,10,10,10,10,10,10,10,10,10,10,10,10,10,10,10,10,10,10,10,10,10,10,10,10,10,10,10,10,10,10,10,10,10,10,10,10,10,10,10,10,10,10,10,10,10,10,10,10,10,10,10,10,10,10,10,10,10,10,10,10,10,10,10,10,10,10,10,10,10,10,10,10,10,10,10,10,10,10,10,10,10,10,10,10,10,10,10,10,10,10,10,10,10,10,10,10,10,10
[QTABLE]
# state,action,q_value
0,0,75.0146
0,1,97.7458
0,2,99.9997
1,0,0
1,1,0
1,2,0
2,0,0
2,1,0
2,2,0
[EPSILON]
# epsilon
0.0815696
[COUNTERS]
# s1count,s2count
490,310
