[HISTORICAL]
# timestamp,action,qiDelta,srDelta,reward
170,0,0,0,0
175,0,0,0,0
180,0,0,0,0
185,0,0,0,0
190,0,0,0,0
195,0,0,0,0
200,0,0,0,0
205,0,0,0,0
210,0,0,0,0
215,0,0,0,0
220,0,0,0,0
225,0,0,0,0
230,0,0,0,0
235,0,0,0,0
240,0,0,0,0
245,0,0,0,0
250,0,0,0,0
255,0,0,0,0
260,0,0,0,0
265,0,0,0,0
270,0,0,0,0
275,0,0,0,0
280,0,0,0,0
285,0,0,0,0
290,0,0,0,0
295,0,0,0,0
300,0,0,0,0
305,0,0,0,0
310,0,0.160786,0.179082,0.227317
315,0,-0.00596939,-0.019898,-0.0216888
320,0,-0.00596939,-0.019898,-0.0216888
325,0,-0.00596939,-0.019898,-0.0216888
330,0,-0.00596939,-0.019898,-0.0216888
335,0,-0.00596939,-0.019898,-0.0216888
340,0,-0.00596939,-0.019898,-0.0216888
345,0,-0.00596939,-0.019898,-0.0216888
350,0,-0.00596939,-0.019898,-0.0216888
355,0,-0.00596939,-0.019898,-0.0216888
360,0,-0.00596939,-0.019898,-0.0216888
365,0,-0.00596939,-0.019898,-0.0216888
370,0,-0.00596939,-0.019898,-0.0216888
375,0,-0.00596939,-0.019898,-0.0216888
380,0,-0.00596939,-0.019898,-0.0216888
385,0,-0.00596939,-0.019898,-0.0216888
390,0,-0.00596939,-0.019898,-0.0216888
395,0,-0.00596939,-0.019898,-0.0216888
400,0,-0.00596939,-0.019898,-0.0216888
405,0,-0.00596939,-0.019898,-0.0216888
410,0,-0.00596939,-0.019898,-0.0216888
415,0,-0.00596939,-0.019898,-0.0216888
420,0,-0.00596939,-0.019898,-0.0216888
425,0,-0.00596939,-0.019898,-0.0216888
430,0,-0.00596939,-0.019898,-0.0216888
435,0,-0.00596939,-0.019898,-0.0216888
440,0,-0.00596939,-0.019898,-0.0216888
445,0,-0.00596939,-0.019898,-0.0216888
450,0,-0.00596939,-0.019898,-0.0216888
455,0,-0.00596939,-0.019898,-0.0216888
460,0,0.192163,0.283333,0.340982
465,0,-0.010375,-0.0345833,-0.0376958
470,0,-0.0119375,-0.0397917,-0.0433729
475,0,-0.0119375,-0.0397917,-0.0433729
480,0,-0.0119375,-0.0397917,-0.0433729
485,0,-0.0119375,-0.0397917,-0.0433729
490,0,-0.0119375,-0.0397917,-0.0433729
495,0,-0.0119375,-0.0397917,-0.0433729
500,0,-0.0119375,-0.0397917,-0.0433729
505,0,-0.0119375,-0.0397917,-0.0433729
510,0,-0.0119375,-0.0397917,-0.0433729
515,0,-0.0119375,-0.0397917,-0.0433729
520,0,-0.0119375,-0.0397917,-0.0433729
525,0,-0.0119375,-0.0397917,-0.0433729
530,0,-0.0119375,-0.0397917,-0.0433729
535,0,-0.0119375,-0.0397917,-0.0433729
540,0,-0.0119375,-0.0397917,-0.0433729
545,0,-0.0119375,-0.0397917,-0.0433729
550,0,-0.0119375,-0.0397917,-0.0433729
555,0,-0.0119375,-0.0397917,-0.0433729
560,0,-0.0119375,-0.0397917,-0.0433729
565,0,-0.0119375,-0.0397917,-0.0433729
570,0,-0.0119375,-0.0397917,-0.0433729
575,0,-0.0119375,-0.0397917,-0.0433729
580,0,-0.0119375,-0.0397917,-0.0433729
585,0,-0.0119375,-0.0397917,-0.0433729
590,0,-0.0119375,-0.0397917,-0.0433729
595,0,-0.0119375,-0.0397917,-0.0433729
600,0,-0.0119375,-0.0397917,-0.0433729
605,0,-0.0119375,-0.0397917,-0.0433729
610,0,0.138285,0.178095,0.219581
615,0,-0.0164127,-0.054709,-0.0596328
620,0,-0.0164127,-0.054709,-0.0596328
625,0,-0.0164127,-0.054709,-0.0596328
630,0,-0.0164127,-0.054709,-0.0596328
635,0,-0.0164127,-0.054709,-0.0596328
640,0,-0.0164127,-0.054709,-0.0596328
645,0,-0.0164127,-0.054709,-0.0596328
650,0,-0.0164127,-0.054709,-0.0596328
655,0,-0.0164127,-0.054709,-0.0596328
660,0,-0.0164127,-0.054709,-0.0596328
665,0,-0.0164127,-0.054709,-0.0596328
670,0,-0.0164127,-0.054709,-0.0596328
675,0,-0.0164127,-0.054709,-0.0596328
680,0,-0.0164127,-0.054709,-0.0596328
685,0,-0.0164127,-0.054709,-0.0596328
690,0,-0.0164127,-0.054709,-0.0596328
695,0,-0.0164127,-0.054709,-0.0596328
700,0,-0.0164127,-0.054709,-0.0596328
705,0,-0.0164127,-0.054709,-0.0596328
710,0,-0.0164127,-0.054709,-0.0596328
715,0,-0.0164127,-0.054709,-0.0596328
720,0,-0.0164127,-0.054709,-0.0596328
725,0,-0.0164127,-0.054709,-0.0596328
730,0,-0.0164127,-0.054709,-0.0596328
735,0,-0.0164127,-0.054709,-0.0596328
740,0,-0.0164127,-0.054709,-0.0596328
745,0,-0.0164127,-0.054709,-0.0596328
750,0,-0.0164127,-0.054709,-0.0596328
755,0,-0.0164127,-0.054709,-0.0596328
760,0,-0.0164127,-0.054709,-0.0596328
765,0,-0.0164127,-0.054709,-0.0596328
770,0,-0.0164127,-0.054709,-0.0596328
775,0,-0.0164127,-0.054709,-0.0596328
780,0,-0.0164127,-0.054709,-0.0596328
785,0,-0.0164127,-0.054709,-0.0596328
790,0,-0.0164127,-0.054709,-0.0596328
795,0,-0.0164127,-0.054709,-0.0596328
800,0,-0.0164127,-0.054709,-0.0596328
805,0,-0.0164127,-0.054709,-0.0596328
810,0,-0.0164127,-0.054709,-0.0596328
815,0,-0.0164127,-0.054709,-0.0596328
820,0,-0.0164127,-0.054709,-0.0596328
825,0,-0.0164127,-0.054709,-0.0596328
830,0,-0.0164127,-0.054709,-0.0596328
835,0,-0.0164127,-0.054709,-0.0596328
840,0,-0.0164127,-0.054709,-0.0596328
845,0,-0.0164127,-0.054709,-0.0596328
850,0,-0.0164127,-0.054709,-0.0596328
855,0,-0.0164127,-0.054709,-0.0596328
860,0,-0.0164127,-0.054709,-0.0596328
865,0,-0.0164127,-0.054709,-0.0596328
870,0,-0.0164127,-0.054709,-0.0596328
875,0,-0.0164127,-0.054709,-0.0596328
880,0,-0.0164127,-0.054709,-0.0596328
885,0,-0.0164127,-0.054709,-0.0596328
890,0,-0.0164127,-0.054709,-0.0596328
[INTUITIVE]
# stateBucket,action,reward_window...
EXISTING_VIABLE,0,-5,-5,-5,-5,-5,-5,-5,-5,-5,-5,-5,-5,-5,-5,-5,-5,-5,-5,-5,-5,-5,-5,-5,-5,-5,-5,-5,-5,-5,-5,-5,-5,-5
EXISTING_VIABLE,1,10,9.2582,9.12871,10,9.12871,10,8.94427,9.2582,10,9.2582,9.2582,10,9.2582,9.2582,9.2582,10,10,10,10,10,9.2582,9.2582,9.2582,9.2582,9.2582,9.2582,9.2582,9.2582,10,9.2582,9.12871,9.2582,10,9.2582,9.2582,10,9.2582,9.2582,9.2582,10,9.2582,9.2582,10,10,10,9.12871,9.12871,10,9.2582,10,9.2582,10,10,10,9.2582,9.2582,9.2582,9.2582,9.2582,9.2582,9.2582,10,10,9.2582,9.12871,10,10,9.2582,8.94427,9.2582,10,9.2582,10,10,9.12871,9.12871,10,10,8.94427,9.12871,10,9.12871,10,10,10,10,10,10,10,10,9.2582,10,10,10,9.2582,10,10,10,10,10
EXISTING_VIABLE,2,10,10,10,10,10,10,10,10,10,10,10,10,10,10,10,10,10,10,10,10,10,10,10,10,10,10,10,10,10,10,10,10,10,10,10,10,10,10,10,10,10,10,10,10,10,10,10,10,10,10,10,10,10,10,10,10,10,10,10,10,10,10,10,10,10,10,10,10,10,10,10,10,10,10,10,10,10,10,10,10,10,10,10,10,10,10,10,10,10,10,10,10,10,10,10,10,10,10,10,10
[QTABLE]
# state,action,q_value
0,0,84.8648
0,1,99.889
0,2,99.9977
1,0,0
1,1,0
1,2,0
2,0,0
2,1,0
2,2,0
[EPSILON]
# epsilon
0.0337214
[COUNTERS]
# s1count,s2count
1032,1027
