[HISTORICAL]
# timestamp,action,qiDelta,srDelta,reward
170,0,0,0,0
175,0,0,0,0
180,0,0,0,0
185,0,0,0,0
190,0,0,0,0
195,0,0,0,0
200,0,0,0,0
205,0,0,0,0
210,0,0,0,0
215,0,0,0,0
220,0,0,0,0
225,0,0,0,0
230,0,0,0,0
235,0,0,0,0
240,0,0,0,0
245,0,0,0,0
250,0,0,0,0
255,0,0,0,0
260,0,0,0,0
265,0,0,0,0
270,0,0,0,0
275,0,0,0,0
280,0,0,0,0
285,0,0,0,0
290,0,0,0,0
295,0,0,0,0
300,0,0,0,0
305,0,0,0,0
310,0,0.232489,0.378163,0.44791
315,0,-0.00593878,-0.0197959,-0.0215776
320,0,-0.00593878,-0.0197959,-0.0215776
325,0,-0.00593878,-0.0197959,-0.0215776
330,0,-0.00593878,-0.0197959,-0.0215776
335,0,-0.00593878,-0.0197959,-0.0215776
340,0,-0.00593878,-0.0197959,-0.0215776
345,0,-0.00593878,-0.0197959,-0.0215776
350,0,-0.00593878,-0.0197959,-0.0215776
355,0,-0.00593878,-0.0197959,-0.0215776
360,0,-0.00593878,-0.0197959,-0.0215776
365,0,-0.00593878,-0.0197959,-0.0215776
370,0,-0.00593878,-0.0197959,-0.0215776
375,0,-0.00593878,-0.0197959,-0.0215776
380,0,-0.00593878,-0.0197959,-0.0215776
385,0,-0.00593878,-0.0197959,-0.0215776
390,0,-0.00593878,-0.0197959,-0.0215776
395,0,-0.00593878,-0.0197959,-0.0215776
400,0,-0.00593878,-0.0197959,-0.0215776
405,0,-0.00593878,-0.0197959,-0.0215776
410,0,-0.00593878,-0.0197959,-0.0215776
415,0,-0.00593878,-0.0197959,-0.0215776
420,0,-0.00593878,-0.0197959,-0.0215776
425,0,-0.00593878,-0.0197959,-0.0215776
430,0,-0.00593878,-0.0197959,-0.0215776
435,0,-0.00593878,-0.0197959,-0.0215776
440,0,-0.00593878,-0.0197959,-0.0215776
445,0,-0.00593878,-0.0197959,-0.0215776
450,0,-0.00593878,-0.0197959,-0.0215776
455,0,-0.00593878,-0.0197959,-0.0215776
460,0,0.160987,0.219249,0.267545
465,0,-0.0103912,-0.0346373,-0.0377547
470,0,-0.0103912,-0.0346373,-0.0377547
475,0,-0.0103912,-0.0346373,-0.0377547
480,0,-0.0103912,-0.0346373,-0.0377547
485,0,-0.0103912,-0.0346373,-0.0377547
490,0,-0.0103912,-0.0346373,-0.0377547
495,0,-0.0103912,-0.0346373,-0.0377547
500,0,-0.0103912,-0.0346373,-0.0377547
505,0,-0.0103912,-0.0346373,-0.0377547
510,0,-0.0103912,-0.0346373,-0.0377547
515,0,-0.0103912,-0.0346373,-0.0377547
520,0,-0.0103912,-0.0346373,-0.0377547
525,0,-0.0103912,-0.0346373,-0.0377547
530,0,-0.0103912,-0.0346373,-0.0377547
535,0,-0.0103912,-0.0346373,-0.0377547
540,0,-0.0103912,-0.0346373,-0.0377547
545,0,-0.0103912,-0.0346373,-0.0377547
550,0,-0.0103912,-0.0346373,-0.0377547
555,0,-0.0103912,-0.0346373,-0.0377547
560,0,-0.0103912,-0.0346373,-0.0377547
565,0,-0.0103912,-0.0346373,-0.0377547
570,0,-0.0103912,-0.0346373,-0.0377547
575,0,-0.0103912,-0.0346373,-0.0377547
580,0,-0.0103912,-0.0346373,-0.0377547
585,0,-0.0103912,-0.0346373,-0.0377547
590,0,-0.0103912,-0.0346373,-0.0377547
595,0,-0.0103912,-0.0346373,-0.0377547
600,0,-0.0103912,-0.0346373,-0.0377547
605,0,-0.0103912,-0.0346373,-0.0377547
610,0,0.157679,0.187368,0.234672
615,0,-0.0148421,-0.0494737,-0.0539263
620,0,-0.0148421,-0.0494737,-0.0539263
625,0,-0.0148421,-0.0494737,-0.0539263
630,0,-0.0148421,-0.0494737,-0.0539263
635,0,-0.0148421,-0.0494737,-0.0539263
640,0,-0.0148421,-0.0494737,-0.0539263
645,0,-0.0148421,-0.0494737,-0.0539263
650,0,-0.0148421,-0.0494737,-0.0539263
655,0,-0.0148421,-0.0494737,-0.0539263
660,0,-0.0148421,-0.0494737,-0.0539263
665,0,-0.0148421,-0.0494737,-0.0539263
670,0,-0.0148421,-0.0494737,-0.0539263
675,0,-0.0148421,-0.0494737,-0.0539263
680,0,-0.0148421,-0.0494737,-0.0539263
685,0,-0.0148421,-0.0494737,-0.0539263
690,0,-0.0148421,-0.0494737,-0.0539263
695,0,-0.0148421,-0.0494737,-0.0539263
700,0,-0.0148421,-0.0494737,-0.0539263
705,0,-0.0148421,-0.0494737,-0.0539263
710,0,-0.0148421,-0.0494737,-0.0539263
715,0,-0.0148421,-0.0494737,-0.0539263
720,0,-0.0148421,-0.0494737,-0.0539263
725,0,-0.0148421,-0.0494737,-0.0539263
730,0,-0.0148421,-0.0494737,-0.0539263
735,0,-0.0148421,-0.0494737,-0.0539263
740,0,-0.0148421,-0.0494737,-0.0539263
745,0,-0.0148421,-0.0494737,-0.0539263
750,0,-0.0148421,-0.0494737,-0.0539263
755,0,-0.0148421,-0.0494737,-0.0539263
760,0,-0.0148421,-0.0494737,-0.0539263
765,0,-0.0148421,-0.0494737,-0.0539263
770,0,-0.0148421,-0.0494737,-0.0539263
775,0,-0.0148421,-0.0494737,-0.0539263
780,0,-0.0148421,-0.0494737,-0.0539263
785,0,-0.0148421,-0.0494737,-0.0539263
790,0,-0.0148421,-0.0494737,-0.0539263
795,0,-0.0148421,-0.0494737,-0.0539263
800,0,-0.0148421,-0.0494737,-0.0539263
805,0,-0.0148421,-0.0494737,-0.0539263
810,0,-0.0148421,-0.0494737,-0.0539263
815,0,-0.0148421,-0.0494737,-0.0539263
820,0,-0.0148421,-0.0494737,-0.0539263
825,0,-0.0148421,-0.0494737,-0.0539263
830,0,-0.0148421,-0.0494737,-0.0539263
835,0,-0.0148421,-0.0494737,-0.0539263
840,0,-0.0148421,-0.0494737,-0.0539263
845,0,-0.0148421,-0.0494737,-0.0539263
850,0,-0.0148421,-0.0494737,-0.0539263
855,0,-0.0148421,-0.0494737,-0.0539263
860,0,-0.0148421,-0.0494737,-0.0539263
865,0,-0.0148421,-0.0494737,-0.0539263
870,0,-0.0148421,-0.0494737,-0.0539263
875,0,-0.0148421,-0.0494737,-0.0539263
880,0,-0.0148421,-0.0494737,-0.0539263
885,0,-0.0148421,-0.0494737,-0.0539263
890,0,-0.0148421,-0.0494737,-0.0539263
[INTUITIVE]
# stateBucket,action,reward_window...
EXISTING_VIABLE,0,-5,-5,-5,-5,-5,-5,-5,-5,-5,-5,-5,-5,-5,-5,-5,-5,-5,-5,-5,-5,-5,-5,-5,-5,-5,-5,-5,-5,-5,-5,-5,-5,-5,-5,-5,-5,-5
EXISTING_VIABLE,1,9.2582,10,10,10,10,10,9.2582,9.2582,9.2582,9.2582,9.2582,9.2582,9.2582,9.2582,10,9.2582,9.12871,9.2582,10,9.2582,9.2582,10,9.2582,9.2582,9.2582,10,9.2582,9.2582,10,10,10,9.12871,9.12871,10,9.2582,10,9.2582,10,10,10,9.2582,9.2582,9.2582,9.2582,9.2582,9.2582,9.2582,10,10,9.2582,9.12871,10,10,9.2582,8.94427,9.2582,10,9.2582,10,10,9.12871,9.12871,10,10,8.94427,9.12871,10,9.12871,10,10,10,10,10,10,10,10,9.2582,10,10,10,9.2582,10,10,10,10,10,10,10,10,9.2582,9.2582,9.2582,8.94427,10,10,9.2582,9.2582,8.94427,9.12871,8.94427
EXISTING_VIABLE,2,10,10,10,10,10,10,10,10,10,10,10,10,10,10,10,10,10,10,10,10,10,10,10,10,10,10,10,10,10,10,10,10,10,10,10,10,10,10,10,10,10,10,10,10,10,10,10,10,10,10,10,10,10,10,10,10,10,10,10,10,10,10,10,10,10,10,10,10,10,10,10,10,10,10,10,10,10,10,10,10,10,10,10,10,10,10,10,10,10,10,10,10,10,10,10,10,10,10,10,10
ORPHAN_ONLY,2,10,10,10,10,10,10,10,10,10,10,10,10,10,10,10,10,10,10,10,10,10,10,10,10,10
[QTABLE]
# state,action,q_value
0,0,84.9135
0,1,99.0788
0,2,99.9951
1,0,0
1,1,0
1,2,39.6535
2,0,0
2,1,0
2,2,0
[EPSILON]
# epsilon
0.02
[COUNTERS]
# s1count,s2count
2588,2368
