[HISTORICAL]
# timestamp,action,qiDelta,srDelta,reward
170,0,0,0,0
175,0,0,0,0
180,0,0,0,0
185,0,0,0,0
190,0,0,0,0
195,0,0,0,0
200,0,0,0,0
205,0,0,0,0
210,0,0,0,0
215,0,0,0,0
220,0,0,0,0
225,0,0,0,0
230,0,0,0,0
235,0,0,0,0
240,0,0,0,0
245,0,0,0,0
250,0,0,0,0
255,0,0,0,0
260,0,0,0,0
265,0,0,0,0
270,0,0,0,0
275,0,0,0,0
280,0,0,0,0
285,0,0,0,0
290,0,0,0,0
295,0,0,0,0
300,0,0,0,0
305,0,0,0,0
310,0,0.17656,0.348288,0.401256
315,0,-0.00395946,-0.0131982,-0.014386
320,0,-0.00395946,-0.0131982,-0.014386
325,0,-0.00395946,-0.0131982,-0.014386
330,0,-0.00395946,-0.0131982,-0.014386
335,0,-0.00395946,-0.0131982,-0.014386
340,0,-0.00395946,-0.0131982,-0.014386
345,0,-0.00395946,-0.0131982,-0.014386
350,0,-0.00395946,-0.0131982,-0.014386
355,0,-0.00395946,-0.0131982,-0.014386
360,0,-0.00395946,-0.0131982,-0.014386
365,0,-0.00395946,-0.0131982,-0.014386
370,0,-0.00395946,-0.0131982,-0.014386
375,0,-0.00395946,-0.0131982,-0.014386
380,0,-0.00395946,-0.0131982,-0.014386
385,0,-0.00395946,-0.0131982,-0.014386
390,0,-0.00395946,-0.0131982,-0.014386
395,0,-0.00395946,-0.0131982,-0.014386
400,0,-0.00395946,-0.0131982,-0.014386
405,0,-0.00395946,-0.0131982,-0.014386
410,0,-0.00395946,-0.0131982,-0.014386
415,0,-0.00395946,-0.0131982,-0.014386
420,0,-0.00395946,-0.0131982,-0.014386
425,0,-0.00395946,-0.0131982,-0.014386
430,0,-0.00395946,-0.0131982,-0.014386
435,0,-0.00395946,-0.0131982,-0.014386
440,0,-0.00395946,-0.0131982,-0.014386
445,0,-0.00395946,-0.0131982,-0.014386
450,0,-0.00395946,-0.0131982,-0.014386
455,0,-0.00395946,-0.0131982,-0.014386
460,0,0.136306,0.256769,0.297661
465,0,-0.00692833,-0.0230944,-0.0251729
470,0,-0.00692833,-0.0230944,-0.0251729
475,0,-0.00692833,-0.0230944,-0.0251729
480,0,-0.00692833,-0.0230944,-0.0251729
485,0,-0.00692833,-0.0230944,-0.0251729
490,0,-0.00692833,-0.0230944,-0.0251729
495,0,-0.00692833,-0.0230944,-0.0251729
500,0,-0.00692833,-0.0230944,-0.0251729
505,0,-0.00692833,-0.0230944,-0.0251729
510,0,-0.00692833,-0.0230944,-0.0251729
515,0,-0.00692833,-0.0230944,-0.0251729
520,0,-0.00692833,-0.0230944,-0.0251729
525,0,-0.00692833,-0.0230944,-0.0251729
530,0,-0.00692833,-0.0230944,-0.0251729
535,0,-0.00692833,-0.0230944,-0.0251729
540,0,-0.00692833,-0.0230944,-0.0251729
545,0,-0.00692833,-0.0230944,-0.0251729
550,0,-0.00692833,-0.0230944,-0.0251729
555,0,-0.00692833,-0.0230944,-0.0251729
560,0,-0.00692833,-0.0230944,-0.0251729
565,0,-0.00692833,-0.0230944,-0.0251729
570,0,-0.00692833,-0.0230944,-0.0251729
575,0,-0.00692833,-0.0230944,-0.0251729
580,0,-0.00692833,-0.0230944,-0.0251729
585,0,-0.00692833,-0.0230944,-0.0251729
590,0,-0.00692833,-0.0230944,-0.0251729
595,0,-0.00692833,-0.0230944,-0.0251729
600,0,-0.00692833,-0.0230944,-0.0251729
605,0,-0.00692833,-0.0230944,-0.0251729
610,0,0.161511,0.33908,0.387534
615,0,-0.01,-0.0333333,-0.0363333
620,0,-0.01,-0.0333333,-0.0363333
625,0,-0.01,-0.0333333,-0.0363333
630,0,-0.01,-0.0333333,-0.0363333
635,0,-0.01,-0.0333333,-0.0363333
640,0,-0.01,-0.0333333,-0.0363333
645,0,-0.01,-0.0333333,-0.0363333
650,0,-0.01,-0.0333333,-0.0363333
655,0,-0.01,-0.0333333,-0.0363333
660,0,-0.01,-0.0333333,-0.0363333
665,0,-0.01,-0.0333333,-0.0363333
670,0,-0.01,-0.0333333,-0.0363333
675,0,-0.01,-0.0333333,-0.0363333
680,0,-0.01,-0.0333333,-0.0363333
685,0,-0.01,-0.0333333,-0.0363333
690,0,-0.01,-0.0333333,-0.0363333
695,0,-0.01,-0.0333333,-0.0363333
700,0,-0.01,-0.0333333,-0.0363333
705,0,-0.01,-0.0333333,-0.0363333
710,0,-0.01,-0.0333333,-0.0363333
715,0,-0.01,-0.0333333,-0.0363333
720,0,-0.01,-0.0333333,-0.0363333
725,0,-0.01,-0.0333333,-0.0363333
730,0,-0.01,-0.0333333,-0.0363333
735,0,-0.01,-0.0333333,-0.0363333
740,0,-0.01,-0.0333333,-0.0363333
745,0,-0.01,-0.0333333,-0.0363333
750,0,-0.01,-0.0333333,-0.0363333
755,0,-0.01,-0.0333333,-0.0363333
760,0,-0.01,-0.0333333,-0.0363333
765,0,-0.01,-0.0333333,-0.0363333
770,0,-0.01,-0.0333333,-0.0363333
775,0,-0.01,-0.0333333,-0.0363333
780,0,-0.01,-0.0333333,-0.0363333
785,0,-0.01,-0.0333333,-0.0363333
790,0,-0.01,-0.0333333,-0.0363333
795,0,-0.01,-0.0333333,-0.0363333
800,0,-0.01,-0.0333333,-0.0363333
805,0,-0.01,-0.0333333,-0.0363333
810,0,-0.01,-0.0333333,-0.0363333
815,0,-0.01,-0.0333333,-0.0363333
820,0,-0.01,-0.0333333,-0.0363333
825,0,-0.01,-0.0333333,-0.0363333
830,0,-0.01,-0.0333333,-0.0363333
835,0,-0.01,-0.0333333,-0.0363333
840,0,-0.01,-0.0333333,-0.0363333
845,0,-0.01,-0.0333333,-0.0363333
850,0,-0.01,-0.0333333,-0.0363333
855,0,-0.01,-0.0333333,-0.0363333
860,0,-0.01,-0.0333333,-0.0363333
865,0,-0.01,-0.0333333,-0.0363333
870,0,-0.01,-0.0333333,-0.0363333
875,0,-0.01,-0.0333333,-0.0363333
880,0,-0.01,-0.0333333,-0.0363333
885,0,-0.01,-0.0333333,-0.0363333
890,0,-0.01,-0.0333333,-0.0363333
[INTUITIVE]
# stateBucket,action,reward_window...
EXISTING_VIABLE,0,-5,-5,-5,-5,-5
EXISTING_VIABLE,1,9.2582,9.12871,9.12871,9.12871,9.12871,9.12871,9.12871,9.12871,10,9.12871,9.12871,10,9.2582,10,9.12871,9.2582,9.12871,9.2582,9.2582,9.12871,9.12871,9.12871,9.2582,9.12871,9.12871,9.2582,9.2582,9.2582,9.12871,9.12871,9.12871,9.12871,9.12871,9.2582,9.12871,9.2582,9.12871,9.12871,9.12871,10,9.12871,9.12871,9.12871,9.2582,9.12871,9.12871,9.12871,10,9.2582,10,9.12871,9.12871,9.12871,9.12871,9.2582,9.12871,9.12871,9.12871,10,9.12871,10,9.2582,9.2582,9.12871,10,9.2582,9.2582,9.12871,10,10,9.12871,9.2582,9.2582,9.12871,10,9.12871,9.12871,10,9.2582,9.12871,9.12871,9.2582,9.12871,9.12871,9.12871,9.12871,10,9.12871,9.12871,9.12871,10,10,9.12871,9.12871,9.2582,9.2582,10,10,9.2582,8.94427
EXISTING_VIABLE,2,10,10,10,10,10,10,10,10,10,10,10,10,10,10,10,10,10,10,10,10,10,10,10,10,10,10,10,10,10,10,10,10,10,10,10,10,10,10,10,10,10,10,10,10,10,10,10,10,10,10,10,10,10,10,10,10,10,10,10,10,10,10,10,10,10,10,10,10,10,10,10,10,10,10,10,10,10,10,10,10,10,10,10,10,10,10,10,10,10,10,10,10,10,10,10,10,10,10,10,10
[QTABLE]
# state,action,q_value
0,0,52.9017
0,1,94.6031
0,2,100
1,0,0
1,1,0
1,2,0
2,0,0
2,1,0
2,2,0
[EPSILON]
# epsilon
0.0404829
[COUNTERS]
# s1count,s2count
3403,110
