[HISTORICAL]
# timestamp,action,qiDelta,srDelta,reward
170,0,0,0,0
175,0,0,0,0
180,0,0,0,0
185,0,0,0,0
190,0,0,0,0
195,0,0,0,0
200,0,0,0,0
205,0,0,0,0
210,0,0,0,0
215,0,0,0,0
220,0,0,0,0
225,0,0,0,0
230,0,0,0,0
235,0,0,0,0
240,0,0,0,0
245,0,0,0,0
250,0,0,0,0
255,0,0,0,0
260,0,0,0,0
265,0,0,0,0
270,0,0,0,0
275,0,0,0,0
280,0,0,0,0
285,0,0,0,0
290,0,0,0,0
295,0,0,0,0
300,0,0,0,0
305,0,0,0,0
310,0,-0.250356,-0.448,-0.523107
315,0,0.249214,0.408623,0.483387
320,0,0.0202071,-0.0166255,-0.0105634
325,0,-0.00622222,-0.0207407,-0.0226074
330,0,-0.00622222,-0.0207407,-0.0226074
335,0,-0.00622222,-0.0207407,-0.0226074
340,0,-0.00622222,-0.0207407,-0.0226074
345,0,-0.00622222,-0.0207407,-0.0226074
350,0,-0.00622222,-0.0207407,-0.0226074
355,0,-0.00622222,-0.0207407,-0.0226074
360,0,-0.00622222,-0.0207407,-0.0226074
365,0,-0.00622222,-0.0207407,-0.0226074
370,0,-0.00622222,-0.0207407,-0.0226074
375,0,-0.00622222,-0.0207407,-0.0226074
380,0,-0.00622222,-0.0207407,-0.0226074
385,0,-0.00622222,-0.0207407,-0.0226074
390,0,-0.00622222,-0.0207407,-0.0226074
395,0,-0.00622222,-0.0207407,-0.0226074
400,0,-0.00622222,-0.0207407,-0.0226074
405,0,-0.00622222,-0.0207407,-0.0226074
410,0,-0.00622222,-0.0207407,-0.0226074
415,0,-0.00622222,-0.0207407,-0.0226074
420,0,-0.00622222,-0.0207407,-0.0226074
425,0,-0.00622222,-0.0207407,-0.0226074
430,0,-0.00622222,-0.0207407,-0.0226074
435,0,-0.00622222,-0.0207407,-0.0226074
440,0,-0.00622222,-0.0207407,-0.0226074
445,0,-0.00622222,-0.0207407,-0.0226074
450,0,-0.00622222,-0.0207407,-0.0226074
455,0,-0.00622222,-0.0207407,-0.0226074
460,0,-0.00622222,-0.0207407,-0.0226074
465,0,-0.00622222,-0.0207407,-0.0226074
470,0,-0.00622222,-0.0207407,-0.0226074
475,0,-0.00622222,-0.0207407,-0.0226074
480,0,-0.00622222,-0.0207407,-0.0226074
485,0,-0.00622222,-0.0207407,-0.0226074
490,0,-0.00622222,-0.0207407,-0.0226074
495,0,-0.00622222,-0.0207407,-0.0226074
500,0,-0.00622222,-0.0207407,-0.0226074
505,0,-0.00622222,-0.0207407,-0.0226074
510,0,-0.00622222,-0.0207407,-0.0226074
515,0,-0.00622222,-0.0207407,-0.0226074
520,0,-0.00622222,-0.0207407,-0.0226074
525,0,-0.00622222,-0.0207407,-0.0226074
530,0,-0.00622222,-0.0207407,-0.0226074
535,0,-0.00622222,-0.0207407,-0.0226074
540,0,-0.00622222,-0.0207407,-0.0226074
545,0,-0.00622222,-0.0207407,-0.0226074
550,0,-0.00622222,-0.0207407,-0.0226074
555,0,-0.00622222,-0.0207407,-0.0226074
560,0,-0.00622222,-0.0207407,-0.0226074
565,0,-0.00622222,-0.0207407,-0.0226074
570,0,-0.00622222,-0.0207407,-0.0226074
575,0,-0.00622222,-0.0207407,-0.0226074
580,0,-0.00622222,-0.0207407,-0.0226074
585,0,-0.00622222,-0.0207407,-0.0226074
590,0,-0.00622222,-0.0207407,-0.0226074
595,0,-0.00622222,-0.0207407,-0.0226074
600,0,-0.00622222,-0.0207407,-0.0226074
605,0,-0.00622222,-0.0207407,-0.0226074
610,0,-0.262425,-0.416132,-0.494859
615,0,0.292966,0.362508,0.450398
620,0,-0.0094678,-0.0315593,-0.0343997
625,0,-0.0094678,-0.0315593,-0.0343997
630,0,-0.0094678,-0.0315593,-0.0343997
635,0,-0.0094678,-0.0315593,-0.0343997
640,0,-0.0094678,-0.0315593,-0.0343997
645,0,-0.0094678,-0.0315593,-0.0343997
650,0,-0.0094678,-0.0315593,-0.0343997
655,0,-0.0094678,-0.0315593,-0.0343997
660,0,-0.0094678,-0.0315593,-0.0343997
665,0,-0.0094678,-0.0315593,-0.0343997
670,0,-0.0094678,-0.0315593,-0.0343997
675,0,-0.0094678,-0.0315593,-0.0343997
680,0,-0.0094678,-0.0315593,-0.0343997
685,0,-0.0094678,-0.0315593,-0.0343997
690,0,-0.0094678,-0.0315593,-0.0343997
695,0,-0.0094678,-0.0315593,-0.0343997
700,0,-0.0094678,-0.0315593,-0.0343997
705,0,-0.0094678,-0.0315593,-0.0343997
710,0,-0.0094678,-0.0315593,-0.0343997
715,0,-0.0094678,-0.0315593,-0.0343997
720,0,-0.0094678,-0.0315593,-0.0343997
725,0,-0.0094678,-0.0315593,-0.0343997
730,0,-0.0094678,-0.0315593,-0.0343997
735,0,-0.0094678,-0.0315593,-0.0343997
740,0,-0.0094678,-0.0315593,-0.0343997
745,0,-0.0094678,-0.0315593,-0.0343997
750,0,-0.0094678,-0.0315593,-0.0343997
755,0,-0.0094678,-0.0315593,-0.0343997
760,0,-0.0094678,-0.0315593,-0.0343997
765,0,-0.0094678,-0.0315593,-0.0343997
770,0,-0.0094678,-0.0315593,-0.0343997
775,0,-0.0094678,-0.0315593,-0.0343997
780,0,-0.0094678,-0.0315593,-0.0343997
785,0,-0.0094678,-0.0315593,-0.0343997
790,0,-0.0094678,-0.0315593,-0.0343997
795,0,-0.0094678,-0.0315593,-0.0343997
800,0,-0.0094678,-0.0315593,-0.0343997
805,0,-0.0094678,-0.0315593,-0.0343997
810,0,-0.0094678,-0.0315593,-0.0343997
815,0,-0.0094678,-0.0315593,-0.0343997
820,0,-0.0094678,-0.0315593,-0.0343997
825,0,-0.0094678,-0.0315593,-0.0343997
830,0,-0.0094678,-0.0315593,-0.0343997
835,0,-0.0094678,-0.0315593,-0.0343997
840,0,-0.0094678,-0.0315593,-0.0343997
845,0,-0.0094678,-0.0315593,-0.0343997
850,0,-0.0094678,-0.0315593,-0.0343997
855,0,-0.0094678,-0.0315593,-0.0343997
860,0,-0.0094678,-0.0315593,-0.0343997
865,0,-0.0094678,-0.0315593,-0.0343997
870,0,-0.0094678,-0.0315593,-0.0343997
875,0,-0.0094678,-0.0315593,-0.0343997
880,0,-0.0094678,-0.0315593,-0.0343997
885,0,-0.0094678,-0.0315593,-0.0343997
890,0,-0.0094678,-0.0315593,-0.0343997
[INTUITIVE]
# stateBucket,action,reward_window...
CL_CRITICAL,2,5,5,5,5,5,5,5,5,5,5,5,5,5,5,5,5,5,5,5,5,5,5,5,5,5,5,5,5,5,5,5,5,5,5,5,5,5,5,5,5,5,5,5,5,5,5,5,5,5,5,5,5,5,5,5,5,5,5,5,5,5,5,5,5,5,5,5,5,5,5,5,5,5,5,5,5,5,5,5,5,5,5,5,5,5,5,5,5,5,5,5,5,5,5,5,5,5,5,5,5
CL_DEGRADED,0,-2,-2,-2,-2,-2,-2,-2,-2,-2,-2,-2,-2,-2,-2,-2,-2,-2,-2,-2,-2,-2,-2,-2,-2,-2,-2,-2,-2,-2,-2,-2,-2,-2,-2,-2,-2,-2,-2,-2,-2,-2,-2,-2,-2,-2,-2,-2,-2,-2,-2,-2,-2,-2,-2,-2,-2,-2,-2,-2,-2,-2,-2,-2,-2,-2,-2,-2,-2,-2,-2,-2,-2,-2,-2,-2,-2,-2,-2,-2,-2,-2,-2,-2,-2,-2,-2,-2,-2,-2,-2,-2,-2,-2,-2,-2,-2,-2,-2,-2,-2
CL_DEGRADED,1,9.2582,9.2582,9.2582,9.2582,9.2582,9.2582,9.2582,9.2582,9.2582,9.2582,9.2582,9.2582,9.2582,9.2582,9.2582,9.2582,9.2582,9.2582,9.2582,9.2582,9.2582,10,9.2582,9.2582,9.2582,9.12871,9.12871,9.12871,9.2582,9.12871,9.2582,9.2582,9.2582,9.2582,9.2582,9.2582,9.2582,9.2582,9.2582,9.2582,9.2582,9.2582,9.2582,9.2582,9.2582,9.2582,9.2582,9.2582,9.2582,9.2582,9.2582,9.2582,9.2582,9.2582,9.2582,9.2582,9.2582,9.2582,9.2582,9.2582,9.2582,9.2582,9.2582,9.2582,9.2582,9.2582,9.2582,9.2582,9.2582,9.2582,9.2582,9.2582,9.2582,9.2582,9.2582,9.2582,9.2582,9.2582,9.2582,9.2582,9.2582,9.2582,9.2582,9.2582,9.2582,9.2582,9.2582,9.2582,9.12871,9.2582,9.12871,9.2582,9.12871,9.2582,8.94427,9.12871,9.12871,9.12871,9.2582,9.12871
EXISTING_VIABLE,0,-5,-5,-5,-5,-5,-5,-5,-5,-5
EXISTING_VIABLE,1,9.12871,10,9.12871,9.12871,10,10,10,10,10,10,10,10,10,10,9.12871,9.12871,10,10,10,10,10,10,9.12871,10,10,10,10,10,10,10,10,10,10,10,10,10,10,10,10,10,10,10,10,10,10,10,10,10,10,10,10,10,10,10,10,10,10,10,10,10,10,10,9.12871,9.12871,9.12871,10,9.12871,9.12871,9.2582,10,9.12871,9.2582,10,10,9.2582,10,10,10,9.2582,10,8.94427,9.12871,10,10,8.94427,9.12871,9.12871,9.12871,9.12871,9.12871,8.94427,9.12871,10,10,8.94427,9.2582,9.2582,8.94427,10,10
EXISTING_VIABLE,2,10,10,10,10,10,10,10,10,10,10,10,10,10,10,10,10,10,10,10,10,10,10,10,10,10,10,10,10,10,10,10,10,10,10,10,10,10,10,10,10,10,10,10,10,10,10,10,10,10,10,10,10,10,10,10,10,10,10,10,10,10,10,10,10,10,10,10,10,10,10,10,10,10,10,10,10,10,10,10,10,10,10,10,10,10,10,10,10,10,10,10,10,10,10,10,10,10,10,10,10
ORPHAN_ONLY,2,10,10,10,10,10,10,10,10,10,10,10,10,10,10,10,10,10,10,10,10,10,10,10,10,10,10,10,10,10,10,10,10,10,10,10,10,10,10,10,10,10,10,10,10,10,10,10,10,10,10,10,10,10,10,10,10,10,10,10,10,10,10,10,10,10,10,10,10,10,10,10,10,10,10,10,10,10,10,10,10,10,10,10,10,10,10,10,10,10,10,10,10,10,10,10,10,10,10,10,10
[QTABLE]
# state,action,q_value
0,0,73.282
0,1,99.4909
0,2,100
1,0,0
1,1,0
1,2,87.7676
2,0,0
2,1,0
2,2,0
[EPSILON]
# epsilon
0.0298533
[COUNTERS]
# s1count,s2count
3396,981
[QTABLE_CLUSTER]
# state,action,q_value
0,0,0
0,1,0
0,2,0
1,0,81.1904
1,1,92.3371
1,2,0
2,0,0
2,1,0
2,2,49.7818
[EPSILON_CLUSTER]
# epsilon
0.02
[COUNTERS_CLUSTER]
# s1count,s2count
907,564
