[HISTORICAL]
# timestamp,action,qiDelta,srDelta,reward
170,0,0,0,0
175,0,0,0,0
180,0,0,0,0
185,0,0,0,0
190,0,0,0,0
195,0,0,0,0
200,0,0,0,0
205,0,0,0,0
210,0,0,0,0
215,0,0,0,0
220,0,0,0,0
225,0,0,0,0
230,0,0,0,0
235,0,0,0,0
240,0,0,0,0
245,0,0,0,0
250,0,0,0,0
255,0,0,0,0
260,0,0,0,0
265,0,0.103888,0.246097,0.277263
270,0,-0.00238065,-0.00793548,-0.00864968
275,0,-0.00238065,-0.00793548,-0.00864968
280,0,-0.00238065,-0.00793548,-0.00864968
285,0,-0.00238065,-0.00793548,-0.00864968
290,0,-0.00238065,-0.00793548,-0.00864968
295,0,-0.00238065,-0.00793548,-0.00864968
300,0,-0.00238065,-0.00793548,-0.00864968
305,0,-0.00238065,-0.00793548,-0.00864968
310,0,-0.00238065,-0.00793548,-0.00864968
315,0,-0.00238065,-0.00793548,-0.00864968
320,0,-0.00238065,-0.00793548,-0.00864968
325,0,-0.00238065,-0.00793548,-0.00864968
330,0,-0.00238065,-0.00793548,-0.00864968
335,0,-0.00238065,-0.00793548,-0.00864968
340,0,-0.00238065,-0.00793548,-0.00864968
345,0,-0.00238065,-0.00793548,-0.00864968
350,0,-0.00238065,-0.00793548,-0.00864968
355,0,-0.00238065,-0.00793548,-0.00864968
360,0,-0.00238065,-0.00793548,-0.00864968
365,0,-0.00238065,-0.00793548,-0.00864968
370,0,-0.00238065,-0.00793548,-0.00864968
375,0,-0.00238065,-0.00793548,-0.00864968
380,0,-0.00238065,-0.00793548,-0.00864968
385,0,-0.00238065,-0.00793548,-0.00864968
390,0,-0.00238065,-0.00793548,-0.00864968
395,0,0.153505,0.312262,0.358314
400,0,-0.00714098,-0.0238033,-0.0259456
405,0,-0.00714098,-0.0238033,-0.0259456
410,0,-0.00714098,-0.0238033,-0.0259456
415,0,-0.00714098,-0.0238033,-0.0259456
420,0,-0.00714098,-0.0238033,-0.0259456
425,0,-0.00714098,-0.0238033,-0.0259456
430,0,-0.00714098,-0.0238033,-0.0259456
435,0,-0.00714098,-0.0238033,-0.0259456
440,0,-0.00714098,-0.0238033,-0.0259456
445,0,-0.00714098,-0.0238033,-0.0259456
450,0,-0.00714098,-0.0238033,-0.0259456
455,0,-0.00714098,-0.0238033,-0.0259456
460,0,-0.00714098,-0.0238033,-0.0259456
465,0,-0.00714098,-0.0238033,-0.0259456
470,0,-0.00714098,-0.0238033,-0.0259456
475,0,0.152549,0.302,0.347765
480,0,-0.0119,-0.0396667,-0.0432367
485,0,-0.0119,-0.0396667,-0.0432367
490,0,-0.0119,-0.0396667,-0.0432367
495,0,-0.0119,-0.0396667,-0.0432367
500,0,-0.0119,-0.0396667,-0.0432367
505,0,-0.0119,-0.0396667,-0.0432367
510,0,-0.0119,-0.0396667,-0.0432367
515,0,-0.0119,-0.0396667,-0.0432367
520,0,-0.0119,-0.0396667,-0.0432367
525,0,-0.0119,-0.0396667,-0.0432367
530,0,-0.0119,-0.0396667,-0.0432367
535,0,-0.0119,-0.0396667,-0.0432367
540,0,-0.0119,-0.0396667,-0.0432367
545,0,-0.0119,-0.0396667,-0.0432367
550,0,-0.0119,-0.0396667,-0.0432367
555,0,-0.0119,-0.0396667,-0.0432367
560,0,-0.0119,-0.0396667,-0.0432367
565,0,-0.0119,-0.0396667,-0.0432367
570,0,-0.0119,-0.0396667,-0.0432367
575,0,-0.0119,-0.0396667,-0.0432367
580,0,-0.0119,-0.0396667,-0.0432367
585,0,-0.0119,-0.0396667,-0.0432367
590,0,-0.0119,-0.0396667,-0.0432367
595,0,-0.0119,-0.0396667,-0.0432367
600,0,-0.0119,-0.0396667,-0.0432367
605,0,-0.0119,-0.0396667,-0.0432367
610,0,-0.0119,-0.0396667,-0.0432367
615,0,-0.0119,-0.0396667,-0.0432367
620,0,-0.0119,-0.0396667,-0.0432367
625,0,-0.0119,-0.0396667,-0.0432367
630,0,-0.0119,-0.0396667,-0.0432367
635,0,-0.0119,-0.0396667,-0.0432367
640,0,-0.0119,-0.0396667,-0.0432367
645,0,-0.0119,-0.0396667,-0.0432367
650,0,-0.0119,-0.0396667,-0.0432367
655,0,-0.0119,-0.0396667,-0.0432367
660,0,-0.0119,-0.0396667,-0.0432367
665,0,-0.0119,-0.0396667,-0.0432367
670,0,-0.0119,-0.0396667,-0.0432367
675,0,-0.0119,-0.0396667,-0.0432367
680,0,-0.0119,-0.0396667,-0.0432367
685,0,-0.0119,-0.0396667,-0.0432367
690,0,-0.0119,-0.0396667,-0.0432367
695,0,-0.0119,-0.0396667,-0.0432367
700,0,-0.0119,-0.0396667,-0.0432367
705,0,-0.0119,-0.0396667,-0.0432367
710,0,-0.0119,-0.0396667,-0.0432367
715,0,-0.0119,-0.0396667,-0.0432367
720,0,-0.0119,-0.0396667,-0.0432367
725,0,-0.0119,-0.0396667,-0.0432367
730,0,-0.0119,-0.0396667,-0.0432367
735,0,-0.0119,-0.0396667,-0.0432367
740,0,-0.0119,-0.0396667,-0.0432367
745,0,-0.0119,-0.0396667,-0.0432367
750,0,-0.0119,-0.0396667,-0.0432367
755,0,-0.0119,-0.0396667,-0.0432367
760,0,-0.0119,-0.0396667,-0.0432367
765,0,-0.0119,-0.0396667,-0.0432367
770,0,-0.0119,-0.0396667,-0.0432367
775,0,-0.0119,-0.0396667,-0.0432367
780,0,-0.0119,-0.0396667,-0.0432367
785,0,-0.0119,-0.0396667,-0.0432367
790,0,-0.0119,-0.0396667,-0.0432367
795,0,-0.0119,-0.0396667,-0.0432367
800,0,-0.0119,-0.0396667,-0.0432367
805,0,-0.0119,-0.0396667,-0.0432367
810,0,-0.0119,-0.0396667,-0.0432367
815,0,-0.0119,-0.0396667,-0.0432367
820,0,-0.0119,-0.0396667,-0.0432367
825,0,-0.0119,-0.0396667,-0.0432367
830,0,-0.0119,-0.0396667,-0.0432367
835,0,-0.0119,-0.0396667,-0.0432367
840,0,-0.0119,-0.0396667,-0.0432367
845,0,-0.0119,-0.0396667,-0.0432367
850,0,-0.0119,-0.0396667,-0.0432367
855,0,-0.0119,-0.0396667,-0.0432367
860,0,-0.0119,-0.0396667,-0.0432367
865,0,-0.0119,-0.0396667,-0.0432367
870,0,-0.0119,-0.0396667,-0.0432367
875,0,-0.0119,-0.0396667,-0.0432367
880,0,-0.0119,-0.0396667,-0.0432367
885,0,-0.0119,-0.0396667,-0.0432367
890,0,-0.0119,-0.0396667,-0.0432367
[INTUITIVE]
# stateBucket,action,reward_window...
EXISTING_VIABLE,0,-5,-5,-5,-5,-5,-5,-5,-5,-5,-5,-5,-5,-5,-5,-5,-5,-5,-5,-5,-5,-5
EXISTING_VIABLE,1,9.2582,9.12871,9.2582,9.12871,9.12871,9.2582,10,10,9.2582,10,10,9.12871,9.2582,9.2582,9.2582,10,10,9.12871,9.2582,9.2582,10,9.2582,9.2582,9.12871,10,9.2582,9.2582,9.2582,10,9.12871,9.2582,9.12871,10,9.2582,9.12871,9.12871,9.12871,9.2582,9.2582,9.12871,10,9.2582,10,9.12871,9.2582,9.12871,9.12871,9.12871,9.12871,9.12871,10,9.12871,9.12871,9.12871,10,9.12871,10,9.12871,10,9.12871,9.12871,9.12871,10,10,9.12871,9.12871,10,9.12871,10,9.12871,9.12871,10,9.12871,10,9.2582,10,10,10,9.2582,10,10,10,8.94427,9.12871,8.94427,10,9.12871,10,10,10,10,10,10,10,10,10,10,8.94427,10,10
EXISTING_VIABLE,2,10,10,10,10,10,10,10,10,10,10,10,10,10,10,10,10,10,10,10,10,10,10,10,10,10,10,10,10,10,10,10,10,10,10,10,10,10,10,10,10,10,10,10,10,10,10,10,10,10,10,10,10,10,10,10,10,10,10,10,10,10,10,10,10,10,10,10,10,10,10,10,10,10,10,10,10,10,10,10,10,10,10,10,10,10,10,10,10,10,10,10,10,10,10,9.2582,10,10,10,10,10
[QTABLE]
# state,action,q_value
0,0,84.1331
0,1,99.7874
0,2,99.8659
1,0,0
1,1,0
1,2,0
2,0,0
2,1,0
2,2,0
[EPSILON]
# epsilon
0.02
[COUNTERS]
# s1count,s2count
2061,1267
