[HISTORICAL]
# timestamp,action,qiDelta,srDelta,reward
170,0,0,0,0
175,0,0,0,0
180,0,0,0,0
185,0,0,0,0
190,0,0,0,0
195,0,0,0,0
200,0,0,0,0
205,0,0,0,0
210,0,0,0,0
215,0,0,0,0
220,0,0,0,0
225,0,0,0,0
230,0,0,0,0
235,0,0,0,0
240,0,0,0,0
245,0,0,0,0
250,0,0,0,0
255,0,0,0,0
260,0,0,0,0
265,0,0,0,0
270,0,0,0,0
275,0,0,0,0
280,0,0,0,0
285,0,0,0,0
290,0,0,0,0
295,0,0,0,0
300,0,0,0,0
305,0,0,0,0
310,0,-0.303954,-0.504,-0.595186
315,0,0.296393,0.431537,0.520455
320,0,0.0313452,0.0020083,0.0114118
325,0,-0.0081112,-0.0270373,-0.0294707
330,0,-0.0081112,-0.0270373,-0.0294707
335,0,-0.0081112,-0.0270373,-0.0294707
340,0,-0.0081112,-0.0270373,-0.0294707
345,0,-0.0081112,-0.0270373,-0.0294707
350,0,-0.0081112,-0.0270373,-0.0294707
355,0,-0.0081112,-0.0270373,-0.0294707
360,0,-0.0081112,-0.0270373,-0.0294707
365,0,-0.0081112,-0.0270373,-0.0294707
370,0,-0.0081112,-0.0270373,-0.0294707
375,0,-0.0081112,-0.0270373,-0.0294707
380,0,-0.0081112,-0.0270373,-0.0294707
385,0,-0.0081112,-0.0270373,-0.0294707
390,0,-0.0081112,-0.0270373,-0.0294707
395,0,-0.0081112,-0.0270373,-0.0294707
400,0,-0.0081112,-0.0270373,-0.0294707
405,0,-0.0081112,-0.0270373,-0.0294707
410,0,-0.0081112,-0.0270373,-0.0294707
415,0,-0.0081112,-0.0270373,-0.0294707
420,0,-0.0081112,-0.0270373,-0.0294707
425,0,-0.0081112,-0.0270373,-0.0294707
430,0,-0.0081112,-0.0270373,-0.0294707
435,0,-0.0081112,-0.0270373,-0.0294707
440,0,-0.0081112,-0.0270373,-0.0294707
445,0,-0.0081112,-0.0270373,-0.0294707
450,0,-0.0081112,-0.0270373,-0.0294707
455,0,-0.0081112,-0.0270373,-0.0294707
460,0,-0.0081112,-0.0270373,-0.0294707
465,0,-0.0081112,-0.0270373,-0.0294707
470,0,-0.0081112,-0.0270373,-0.0294707
475,0,-0.0081112,-0.0270373,-0.0294707
480,0,-0.0081112,-0.0270373,-0.0294707
485,0,-0.0081112,-0.0270373,-0.0294707
490,0,-0.0081112,-0.0270373,-0.0294707
495,0,-0.0081112,-0.0270373,-0.0294707
500,0,-0.0081112,-0.0270373,-0.0294707
505,0,-0.0081112,-0.0270373,-0.0294707
510,0,-0.0081112,-0.0270373,-0.0294707
515,0,-0.0081112,-0.0270373,-0.0294707
520,0,-0.0081112,-0.0270373,-0.0294707
525,0,-0.0081112,-0.0270373,-0.0294707
530,0,-0.0081112,-0.0270373,-0.0294707
535,0,-0.0081112,-0.0270373,-0.0294707
540,0,-0.0081112,-0.0270373,-0.0294707
545,0,-0.0081112,-0.0270373,-0.0294707
550,0,-0.0081112,-0.0270373,-0.0294707
555,0,-0.0081112,-0.0270373,-0.0294707
560,0,-0.0081112,-0.0270373,-0.0294707
565,0,-0.0081112,-0.0270373,-0.0294707
570,0,-0.0081112,-0.0270373,-0.0294707
575,0,-0.0081112,-0.0270373,-0.0294707
580,0,-0.0081112,-0.0270373,-0.0294707
585,0,-0.0081112,-0.0270373,-0.0294707
590,0,-0.0081112,-0.0270373,-0.0294707
595,0,-0.0081112,-0.0270373,-0.0294707
600,0,-0.0081112,-0.0270373,-0.0294707
605,0,-0.0081112,-0.0270373,-0.0294707
610,0,-0.255603,-0.504913,-0.581594
615,0,0.287806,0.459492,0.545833
620,0,-0.00961017,-0.0320339,-0.0349169
625,0,-0.00961017,-0.0320339,-0.0349169
630,0,-0.00961017,-0.0320339,-0.0349169
635,0,-0.00961017,-0.0320339,-0.0349169
640,0,-0.00961017,-0.0320339,-0.0349169
645,0,-0.00961017,-0.0320339,-0.0349169
650,0,-0.00961017,-0.0320339,-0.0349169
655,0,-0.00961017,-0.0320339,-0.0349169
660,0,-0.00961017,-0.0320339,-0.0349169
665,0,-0.00961017,-0.0320339,-0.0349169
670,0,-0.00961017,-0.0320339,-0.0349169
675,0,-0.00961017,-0.0320339,-0.0349169
680,0,-0.00961017,-0.0320339,-0.0349169
685,0,-0.00961017,-0.0320339,-0.0349169
690,0,-0.00961017,-0.0320339,-0.0349169
695,0,-0.00961017,-0.0320339,-0.0349169
700,0,-0.00961017,-0.0320339,-0.0349169
705,0,-0.00961017,-0.0320339,-0.0349169
710,0,-0.00961017,-0.0320339,-0.0349169
715,0,-0.00961017,-0.0320339,-0.0349169
720,0,-0.00961017,-0.0320339,-0.0349169
725,0,-0.00961017,-0.0320339,-0.0349169
730,0,-0.00961017,-0.0320339,-0.0349169
735,0,-0.00961017,-0.0320339,-0.0349169
740,0,-0.00961017,-0.0320339,-0.0349169
745,0,-0.00961017,-0.0320339,-0.0349169
750,0,-0.00961017,-0.0320339,-0.0349169
755,0,-0.00961017,-0.0320339,-0.0349169
760,0,-0.00961017,-0.0320339,-0.0349169
765,0,-0.00961017,-0.0320339,-0.0349169
770,0,-0.00961017,-0.0320339,-0.0349169
775,0,-0.00961017,-0.0320339,-0.0349169
780,0,-0.00961017,-0.0320339,-0.0349169
785,0,-0.00961017,-0.0320339,-0.0349169
790,0,-0.00961017,-0.0320339,-0.0349169
795,0,-0.00961017,-0.0320339,-0.0349169
800,0,-0.00961017,-0.0320339,-0.0349169
805,0,-0.00961017,-0.0320339,-0.0349169
810,0,-0.00961017,-0.0320339,-0.0349169
815,0,-0.00961017,-0.0320339,-0.0349169
820,0,-0.00961017,-0.0320339,-0.0349169
825,0,-0.00961017,-0.0320339,-0.0349169
830,0,-0.00961017,-0.0320339,-0.0349169
835,0,-0.00961017,-0.0320339,-0.0349169
840,0,-0.00961017,-0.0320339,-0.0349169
845,0,-0.00961017,-0.0320339,-0.0349169
850,0,-0.00961017,-0.0320339,-0.0349169
855,0,-0.00961017,-0.0320339,-0.0349169
860,0,-0.00961017,-0.0320339,-0.0349169
865,0,-0.00961017,-0.0320339,-0.0349169
870,0,-0.00961017,-0.0320339,-0.0349169
875,0,-0.00961017,-0.0320339,-0.0349169
880,0,-0.00961017,-0.0320339,-0.0349169
885,0,-0.00961017,-0.0320339,-0.0349169
890,0,-0.00961017,-0.0320339,-0.0349169
[INTUITIVE]
# stateBucket,action,reward_window...
CL_CRITICAL,2,5,5,5,5,5,5,5,5,5,5,5,5,5,5,5,5,5,5,5,5,5,5,5,5,5,5,5,5,5,5,5,5,5,5,5,5,5,5,5,5,5,5,5,5,5,5,5,5,5,5,5,5,5,5,5,5,5,5,5,5,5,5,5,5,5,5,5,5,5,5,5,5,5,5,5,5,5,5,5,5,5,5,5,5,5,5,5,5,5,5,5,5,5,5,5,5,5,5,5,5
CL_DEGRADED,0,-2,-2,-2,-2,-2,-2,-2,-2,-2,-2,-2,-2,-2,-2,-2,-2,-2,-2,-2,-2,-2,-2,-2,-2,-2,-2,-2,-2,-2,-2,-2,-2,-2,-2,-2,-2,-2,-2,-2,-2,-2,-2,-2,-2,-2,-2,-2,-2,-2,-2,-2,-2,-2,-2,-2,-2,-2,-2,-2,-2,-2,-2,-2,-2,-2,-2,-2,-2,-2,-2,-2,-2,-2,-2,-2,-2,-2,-2,-2,-2,-2,-2,-2,-2,-2,-2,-2,-2,-2,-2,-2,-2,-2,-2,-2,-2,-2,-2,-2,-2
CL_DEGRADED,1,9.2582,9.12871,10,9.12871,9.2582,9.2582,9.12871,9.12871,9.2582,9.12871,9.12871,9.12871,9.2582,9.2582,9.2582,9.2582,9.2582,9.2582,9.2582,9.2582,9.2582,9.2582,9.2582,9.2582,9.2582,9.2582,9.2582,9.2582,9.2582,9.2582,9.2582,9.2582,9.2582,9.2582,9.2582,9.2582,9.2582,9.2582,9.2582,9.2582,9.2582,9.2582,9.2582,9.2582,9.2582,9.2582,9.2582,9.2582,9.2582,9.2582,9.2582,9.2582,9.2582,9.2582,9.2582,9.2582,9.2582,9.2582,9.2582,9.2582,9.2582,9.2582,9.2582,9.2582,9.2582,9.2582,9.2582,9.2582,9.2582,9.2582,9.2582,9.2582,9.12871,9.2582,9.12871,9.12871,9.2582,9.12871,9.2582,9.12871,9.2582,9.12871,9.2582,9.12871,9.2582,9.2582,9.12871,8.94427,9.2582,9.12871,9.12871,9.2582,9.2582,9.12871,9.2582,9.2582,9.12871,9.12871,9.12871,9.2582
EXISTING_VIABLE,0,-5,-5,-5,-5,-5,-5,-5,-5,-5
EXISTING_VIABLE,1,9.2582,9.2582,9.2582,9.12871,9.12871,9.2582,9.2582,9.2582,9.2582,9.2582,9.12871,9.12871,9.2582,9.2582,10,9.12871,10,9.12871,9.12871,10,10,10,10,10,10,10,10,10,10,9.12871,9.12871,10,10,10,10,10,10,9.12871,10,10,10,10,10,10,10,10,10,10,10,10,10,10,10,10,10,10,10,10,10,10,10,10,10,10,10,10,10,10,10,10,10,10,10,10,10,10,10,9.12871,9.12871,9.12871,10,9.12871,9.12871,9.2582,10,9.12871,9.2582,10,10,9.2582,10,10,10,9.2582,10,8.94427,9.12871,10,10,8.94427
EXISTING_VIABLE,2,10,10,10,10,10,10,10,10,10,10,10,10,10,10,10,10,10,10,10,10,10,10,10,10,10,10,10,10,10,10,10,10,10,10,10,10,10,10,10,10,10,10,10,10,10,10,10,10,10,10,10,10,10,10,10,10,10,10,10,10,10,10,10,10,10,10,10,10,10,10,10,10,10,10,10,10,10,10,10,10,10,10,10,10,10,10,10,10,10,10,10,10,10,10,10,10,10,10,10,10
ORPHAN_ONLY,2,10,10,10,10,10,10,10,10,10,10,10,10,10,10,10,10,10,10,10,10,10,10,10,10,10,10,10,10,10,10,10,10,10,10,10,10,10,10,10,10,10,10
[QTABLE]
# state,action,q_value
0,0,73.282
0,1,99.3458
0,2,99.9787
1,0,0
1,1,0
1,2,57.1949
2,0,0
2,1,0
2,2,0
[EPSILON]
# epsilon
0.0583463
[COUNTERS]
# s1count,s2count
1881,482
[QTABLE_CLUSTER]
# state,action,q_value
0,0,0
0,1,0
0,2,0
1,0,81.0159
1,1,92.1417
1,2,0
2,0,0
2,1,0
2,2,47.5359
[EPSILON_CLUSTER]
# epsilon
0.02
[COUNTERS_CLUSTER]
# s1count,s2count
588,385
