[HISTORICAL]
# timestamp,action,qiDelta,srDelta,reward
170,0,0,0,0
175,0,0,0,0
180,0,0,0,0
185,0,0,0,0
190,0,0,0,0
195,0,0,0,0
200,0,0,0,0
205,0,0,0,0
210,0,0,0,0
215,0,0,0,0
220,0,0,0,0
225,0,0,0,0
230,0,0,0,0
235,0,0,0,0
240,0,0,0,0
245,0,0,0,0
250,0,0,0,0
255,0,0,0,0
260,0,0,0,0
265,0,0,0,0
270,0,0,0,0
275,0,0,0,0
280,0,0,0,0
285,0,0,0,0
290,0,0,0,0
295,0,0,0,0
300,0,0,0,0
305,0,0,0,0
310,0,0.139219,0.203642,0.245408
315,0,-0.00476098,-0.0158699,-0.0172982
320,0,-0.00476098,-0.0158699,-0.0172982
325,0,-0.00476098,-0.0158699,-0.0172982
330,0,-0.00476098,-0.0158699,-0.0172982
335,0,-0.00476098,-0.0158699,-0.0172982
340,0,-0.00476098,-0.0158699,-0.0172982
345,0,-0.00476098,-0.0158699,-0.0172982
350,0,-0.00476098,-0.0158699,-0.0172982
355,0,-0.00476098,-0.0158699,-0.0172982
360,0,-0.00476098,-0.0158699,-0.0172982
365,0,-0.00476098,-0.0158699,-0.0172982
370,0,-0.00476098,-0.0158699,-0.0172982
375,0,-0.00476098,-0.0158699,-0.0172982
380,0,-0.00476098,-0.0158699,-0.0172982
385,0,-0.00476098,-0.0158699,-0.0172982
390,0,-0.00476098,-0.0158699,-0.0172982
395,0,-0.00476098,-0.0158699,-0.0172982
400,0,-0.00476098,-0.0158699,-0.0172982
405,0,-0.00476098,-0.0158699,-0.0172982
410,0,-0.00476098,-0.0158699,-0.0172982
415,0,-0.00476098,-0.0158699,-0.0172982
420,0,-0.00476098,-0.0158699,-0.0172982
425,0,-0.00476098,-0.0158699,-0.0172982
430,0,-0.00476098,-0.0158699,-0.0172982
435,0,-0.00476098,-0.0158699,-0.0172982
440,0,-0.00476098,-0.0158699,-0.0172982
445,0,-0.00476098,-0.0158699,-0.0172982
450,0,-0.00476098,-0.0158699,-0.0172982
455,0,-0.00476098,-0.0158699,-0.0172982
460,0,0.13997,0.252066,0.294057
465,0,-0.00833086,-0.0277695,-0.0302688
470,0,-0.00833086,-0.0277695,-0.0302688
475,0,-0.00833086,-0.0277695,-0.0302688
480,0,-0.00833086,-0.0277695,-0.0302688
485,0,-0.00833086,-0.0277695,-0.0302688
490,0,-0.00833086,-0.0277695,-0.0302688
495,0,-0.00833086,-0.0277695,-0.0302688
500,0,-0.00833086,-0.0277695,-0.0302688
505,0,-0.00833086,-0.0277695,-0.0302688
510,0,-0.00833086,-0.0277695,-0.0302688
515,0,-0.00833086,-0.0277695,-0.0302688
520,0,-0.00833086,-0.0277695,-0.0302688
525,0,-0.00833086,-0.0277695,-0.0302688
530,0,-0.00833086,-0.0277695,-0.0302688
535,0,-0.00833086,-0.0277695,-0.0302688
540,0,-0.00833086,-0.0277695,-0.0302688
545,0,-0.00833086,-0.0277695,-0.0302688
550,0,-0.00833086,-0.0277695,-0.0302688
555,0,-0.00833086,-0.0277695,-0.0302688
560,0,-0.00833086,-0.0277695,-0.0302688
565,0,-0.00833086,-0.0277695,-0.0302688
570,0,-0.00833086,-0.0277695,-0.0302688
575,0,-0.00833086,-0.0277695,-0.0302688
580,0,-0.00833086,-0.0277695,-0.0302688
585,0,-0.00833086,-0.0277695,-0.0302688
590,0,-0.00833086,-0.0277695,-0.0302688
595,0,-0.00833086,-0.0277695,-0.0302688
600,0,-0.00833086,-0.0277695,-0.0302688
605,0,-0.00833086,-0.0277695,-0.0302688
610,0,0.163334,0.331167,0.380167
615,0,-0.0119,-0.0396667,-0.0432367
620,0,-0.0119,-0.0396667,-0.0432367
625,0,-0.0119,-0.0396667,-0.0432367
630,0,-0.0119,-0.0396667,-0.0432367
635,0,-0.0119,-0.0396667,-0.0432367
640,0,-0.0119,-0.0396667,-0.0432367
645,0,-0.0119,-0.0396667,-0.0432367
650,0,-0.0119,-0.0396667,-0.0432367
655,0,-0.0119,-0.0396667,-0.0432367
660,0,-0.0119,-0.0396667,-0.0432367
665,0,-0.0119,-0.0396667,-0.0432367
670,0,-0.0119,-0.0396667,-0.0432367
675,0,-0.0119,-0.0396667,-0.0432367
680,0,-0.0119,-0.0396667,-0.0432367
685,0,-0.0119,-0.0396667,-0.0432367
690,0,-0.0119,-0.0396667,-0.0432367
695,0,-0.0119,-0.0396667,-0.0432367
700,0,-0.0119,-0.0396667,-0.0432367
705,0,-0.0119,-0.0396667,-0.0432367
710,0,-0.0119,-0.0396667,-0.0432367
715,0,-0.0119,-0.0396667,-0.0432367
720,0,-0.0119,-0.0396667,-0.0432367
725,0,-0.0119,-0.0396667,-0.0432367
730,0,-0.0119,-0.0396667,-0.0432367
735,0,-0.0119,-0.0396667,-0.0432367
740,0,-0.0119,-0.0396667,-0.0432367
745,0,-0.0119,-0.0396667,-0.0432367
750,0,-0.0119,-0.0396667,-0.0432367
755,0,-0.0119,-0.0396667,-0.0432367
760,0,-0.0119,-0.0396667,-0.0432367
765,0,-0.0119,-0.0396667,-0.0432367
770,0,-0.0119,-0.0396667,-0.0432367
775,0,-0.0119,-0.0396667,-0.0432367
780,0,-0.0119,-0.0396667,-0.0432367
785,0,-0.0119,-0.0396667,-0.0432367
790,0,-0.0119,-0.0396667,-0.0432367
795,0,-0.0119,-0.0396667,-0.0432367
800,0,-0.0119,-0.0396667,-0.0432367
805,0,-0.0119,-0.0396667,-0.0432367
810,0,-0.0119,-0.0396667,-0.0432367
815,0,-0.0119,-0.0396667,-0.0432367
820,0,-0.0119,-0.0396667,-0.0432367
825,0,-0.0119,-0.0396667,-0.0432367
830,0,-0.0119,-0.0396667,-0.0432367
835,0,-0.0119,-0.0396667,-0.0432367
840,0,-0.0119,-0.0396667,-0.0432367
845,0,-0.0119,-0.0396667,-0.0432367
850,0,-0.0119,-0.0396667,-0.0432367
855,0,-0.0119,-0.0396667,-0.0432367
860,0,-0.0119,-0.0396667,-0.0432367
865,0,-0.0119,-0.0396667,-0.0432367
870,0,-0.0119,-0.0396667,-0.0432367
875,0,-0.0119,-0.0396667,-0.0432367
880,0,-0.0119,-0.0396667,-0.0432367
885,0,-0.0119,-0.0396667,-0.0432367
890,0,-0.0119,-0.0396667,-0.0432367
[INTUITIVE]
# stateBucket,action,reward_window...
EXISTING_VIABLE,0,-5,-5,-5,-5,-5,-5,-5,-5,-5,-5,-5,-5,-5,-5,-5,-5,-5,-5,-5,-5,-5,-5,-5,-5,-5,-5,-5,-5,-5,-5,-5,-5
EXISTING_VIABLE,1,9.2582,9.2582,9.2582,9.2582,9.12871,9.2582,9.12871,10,9.2582,9.2582,9.2582,9.2582,9.2582,9.2582,9.12871,9.2582,10,9.12871,9.2582,9.2582,9.2582,9.2582,10,10,9.12871,9.2582,9.2582,9.2582,9.12871,9.2582,9.2582,9.2582,9.2582,8.94427,9.2582,9.12871,9.12871,10,9.2582,10,10,9.12871,10,9.12871,9.2582,9.2582,10,9.12871,9.2582,10,9.2582,9.2582,9.2582,10,10,9.12871,9.12871,9.2582,9.2582,9.2582,10,9.12871,10,10,9.2582,9.2582,10,10,9.12871,9.12871,9.12871,9.12871,10,10,10,10,10,10,10,9.2582,9.12871,10,9.2582,10,9.2582,10,10,10,9.2582,8.94427,10,8.94427,8.94427,8.94427,9.2582,8.94427,10,10,10,10
EXISTING_VIABLE,2,10,10,10,10,10,10,10,10,10,10,10,10,10,10,10,10,10,10,10,10,10,10,10,10,10,10,10,10,10,10,10,10,10,10,10,10,10,10,10,10,10,10,10,10,10,10,10,10,10,10,10,10,10,10,10,10,10,10,10,10,10,10,10,10,10,10,10,10,10,10,10,10,10,10,10,10,10,10,10,10,10,10,10,10,10,10,10,10,10,10,10,10,10,10,10,10,10,10,10,10
[QTABLE]
# state,action,q_value
0,0,84.8734
0,1,99.6228
0,2,99.9959
1,0,0
1,1,0
1,2,0
2,0,0
2,1,0
2,2,0
[EPSILON]
# epsilon
0.02
[COUNTERS]
# s1count,s2count
3630,1803
