[HISTORICAL]
# timestamp,action,qiDelta,srDelta,reward
170,0,0,0,0
175,0,0,0,0
180,0,0,0,0
185,0,0,0,0
190,0,0,0,0
195,0,0,0,0
200,0,0,0,0
205,0,0,0,0
210,0,0,0,0
215,0,0,0,0
220,0,0,0,0
225,0,0,0,0
230,0,0,0,0
235,0,0,0,0
240,0,0,0,0
245,0,0,0,0
250,0,0,0,0
255,0,0,0,0
260,0,0,0,0
265,0,0,0,0
270,0,0,0,0
275,0,0,0,0
280,0,0,0,0
285,0,0,0,0
290,0,0,0,0
295,0,0,0,0
300,0,0,0,0
305,0,0,0,0
310,0,-0.336958,-0.62,-0.721088
315,0,0.365628,0.578622,0.688311
320,0,-0.00815602,-0.0271867,-0.0296335
325,0,-0.00815602,-0.0271867,-0.0296335
330,0,-0.00815602,-0.0271867,-0.0296335
335,0,-0.00815602,-0.0271867,-0.0296335
340,0,-0.00815602,-0.0271867,-0.0296335
345,0,-0.00815602,-0.0271867,-0.0296335
350,0,-0.00815602,-0.0271867,-0.0296335
355,0,-0.00815602,-0.0271867,-0.0296335
360,0,-0.00815602,-0.0271867,-0.0296335
365,0,-0.00815602,-0.0271867,-0.0296335
370,0,-0.00815602,-0.0271867,-0.0296335
375,0,-0.00815602,-0.0271867,-0.0296335
380,0,-0.00815602,-0.0271867,-0.0296335
385,0,-0.00815602,-0.0271867,-0.0296335
390,0,-0.00815602,-0.0271867,-0.0296335
395,0,-0.00815602,-0.0271867,-0.0296335
400,0,-0.00815602,-0.0271867,-0.0296335
405,0,-0.00815602,-0.0271867,-0.0296335
410,0,-0.00815602,-0.0271867,-0.0296335
415,0,-0.00815602,-0.0271867,-0.0296335
420,0,-0.00815602,-0.0271867,-0.0296335
425,0,-0.00815602,-0.0271867,-0.0296335
430,0,-0.00815602,-0.0271867,-0.0296335
435,0,-0.00815602,-0.0271867,-0.0296335
440,0,-0.00815602,-0.0271867,-0.0296335
445,0,-0.00815602,-0.0271867,-0.0296335
450,0,-0.00815602,-0.0271867,-0.0296335
455,0,-0.00815602,-0.0271867,-0.0296335
460,0,-0.00815602,-0.0271867,-0.0296335
465,0,-0.00815602,-0.0271867,-0.0296335
470,0,-0.00815602,-0.0271867,-0.0296335
475,0,-0.00815602,-0.0271867,-0.0296335
480,0,-0.00815602,-0.0271867,-0.0296335
485,0,-0.00815602,-0.0271867,-0.0296335
490,0,-0.00815602,-0.0271867,-0.0296335
495,0,-0.00815602,-0.0271867,-0.0296335
500,0,-0.00815602,-0.0271867,-0.0296335
505,0,-0.00815602,-0.0271867,-0.0296335
510,0,-0.00815602,-0.0271867,-0.0296335
515,0,-0.00815602,-0.0271867,-0.0296335
520,0,-0.00815602,-0.0271867,-0.0296335
525,0,-0.00815602,-0.0271867,-0.0296335
530,0,-0.00815602,-0.0271867,-0.0296335
535,0,-0.00815602,-0.0271867,-0.0296335
540,0,-0.00815602,-0.0271867,-0.0296335
545,0,-0.00815602,-0.0271867,-0.0296335
550,0,-0.00815602,-0.0271867,-0.0296335
555,0,-0.00815602,-0.0271867,-0.0296335
560,0,-0.00815602,-0.0271867,-0.0296335
565,0,-0.00815602,-0.0271867,-0.0296335
570,0,-0.00815602,-0.0271867,-0.0296335
575,0,-0.00815602,-0.0271867,-0.0296335
580,0,-0.00815602,-0.0271867,-0.0296335
585,0,-0.00815602,-0.0271867,-0.0296335
590,0,-0.00815602,-0.0271867,-0.0296335
595,0,-0.00815602,-0.0271867,-0.0296335
600,0,-0.00815602,-0.0271867,-0.0296335
605,0,-0.00815602,-0.0271867,-0.0296335
610,0,-0.207386,-0.445062,-0.507278
615,0,0.237353,0.396321,0.467526
620,0,-0.0077519,-0.0258397,-0.0281652
625,0,-0.00901772,-0.0300591,-0.0327644
630,0,-0.00901772,-0.0300591,-0.0327644
635,0,-0.00901772,-0.0300591,-0.0327644
640,0,-0.00901772,-0.0300591,-0.0327644
645,0,-0.00901772,-0.0300591,-0.0327644
650,0,-0.00901772,-0.0300591,-0.0327644
655,0,-0.00901772,-0.0300591,-0.0327644
660,0,-0.00901772,-0.0300591,-0.0327644
665,0,-0.00901772,-0.0300591,-0.0327644
670,0,-0.00901772,-0.0300591,-0.0327644
675,0,-0.00901772,-0.0300591,-0.0327644
680,0,-0.00901772,-0.0300591,-0.0327644
685,0,-0.00901772,-0.0300591,-0.0327644
690,0,-0.00901772,-0.0300591,-0.0327644
695,0,-0.00901772,-0.0300591,-0.0327644
700,0,-0.00901772,-0.0300591,-0.0327644
705,0,-0.00901772,-0.0300591,-0.0327644
710,0,-0.00901772,-0.0300591,-0.0327644
715,0,-0.00901772,-0.0300591,-0.0327644
720,0,-0.00901772,-0.0300591,-0.0327644
725,0,-0.00901772,-0.0300591,-0.0327644
730,0,-0.00901772,-0.0300591,-0.0327644
735,0,-0.00901772,-0.0300591,-0.0327644
740,0,-0.00901772,-0.0300591,-0.0327644
745,0,-0.00901772,-0.0300591,-0.0327644
750,0,-0.00901772,-0.0300591,-0.0327644
755,0,-0.00901772,-0.0300591,-0.0327644
760,0,-0.00901772,-0.0300591,-0.0327644
765,0,-0.00901772,-0.0300591,-0.0327644
770,0,-0.00901772,-0.0300591,-0.0327644
775,0,-0.00901772,-0.0300591,-0.0327644
780,0,-0.00901772,-0.0300591,-0.0327644
785,0,-0.00901772,-0.0300591,-0.0327644
790,0,-0.00901772,-0.0300591,-0.0327644
795,0,-0.00901772,-0.0300591,-0.0327644
800,0,-0.00901772,-0.0300591,-0.0327644
805,0,-0.00901772,-0.0300591,-0.0327644
810,0,-0.00901772,-0.0300591,-0.0327644
815,0,-0.00901772,-0.0300591,-0.0327644
820,0,-0.00901772,-0.0300591,-0.0327644
825,0,-0.00901772,-0.0300591,-0.0327644
830,0,-0.00901772,-0.0300591,-0.0327644
835,0,-0.00901772,-0.0300591,-0.0327644
840,0,-0.00901772,-0.0300591,-0.0327644
845,0,-0.00901772,-0.0300591,-0.0327644
850,0,-0.00901772,-0.0300591,-0.0327644
855,0,-0.00901772,-0.0300591,-0.0327644
860,0,-0.00901772,-0.0300591,-0.0327644
865,0,-0.00901772,-0.0300591,-0.0327644
870,0,-0.00901772,-0.0300591,-0.0327644
875,0,-0.00901772,-0.0300591,-0.0327644
880,0,-0.00901772,-0.0300591,-0.0327644
885,0,-0.00901772,-0.0300591,-0.0327644
890,0,-0.00901772,-0.0300591,-0.0327644
[INTUITIVE]
# stateBucket,action,reward_window...
CL_CRITICAL,2,5,5,5,5,5,5,5,5,5,5,5,5,5,5,5,5,5,5,5,5,5,5,5,5,5,5,5,5,5,5,5,5,5,5,5,5,5,5,5,5,5,5,5,5,5,5,5,5,5,5,5,5,5,5,5,5,5,5,5,5,5,5,5,5,5,5,5,5,5,5,5,5,5,5,5,5,5,5,5,5,5,5,5,5,5,5,5,5,5,5,5,5,5,5,5
CL_DEGRADED,0,-2,-2,-2,-2,-2,-2,-2,-2,-2,-2,-2,-2,-2,-2,-2,-2,-2,-2,-2,-2,-2,-2,-2,-2,-2,-2,-2,-2,-2,-2,-2,-2,-2,-2,-2,-2,-2,-2,-2,-2,-2,-2,-2,-2,-2,-2,-2,-2,-2,-2,-2,-2,-2,-2,-2,-2,-2,-2,-2,-2,-2,-2,-2,-2,-2,-2,-2,-2,-2,-2,-2,-2,-2,-2,-2,-2,-2,-2,-2,-2,-2,-2,-2,-2,-2,-2,-2,-2,-2,-2,-2,-2,-2,-2,-2,-2,-2,-2,-2,-2
CL_DEGRADED,1,9.2582,9.12871,9.12871,9.12871,9.2582,9.2582,9.12871,9.12871,9.12871,9.2582,9.2582,9.12871,9.12871,9.12871,9.2582,9.2582,9.12871,9.12871,9.12871,9.2582,9.2582,9.12871,9.12871,9.12871,9.2582,9.12871,10,9.12871,9.2582,9.2582,9.12871,9.12871,9.2582,9.12871,9.12871,9.12871,9.2582,9.2582,9.2582,9.2582,9.2582,9.2582,9.2582,9.2582,9.2582,9.2582,9.2582,9.2582,9.2582,9.2582,9.2582,9.2582,9.2582,9.2582,9.2582,9.2582,9.2582,9.2582,9.2582,9.2582,9.2582,9.2582,9.2582,9.2582,9.2582,9.2582,9.2582,9.2582,9.2582,9.2582,9.2582,9.2582,9.2582,9.2582,9.2582,9.2582,9.2582,9.2582,9.2582,9.2582,9.2582,9.2582,9.2582,9.2582,9.2582,9.2582,9.2582,9.2582,9.2582,9.2582,9.2582,9.2582,9.2582,9.2582,9.2582,9.2582,9.12871,9.2582,9.12871,9.12871
EXISTING_VIABLE,0,-5,-5,-5,-5,-5,-5,-5,-5,-5
EXISTING_VIABLE,1,10,9.12871,10,9.2582,9.2582,9.2582,9.2582,9.2582,9.12871,9.12871,9.2582,9.2582,9.2582,9.2582,9.2582,9.12871,9.12871,9.2582,9.2582,10,9.12871,10,9.12871,9.12871,10,10,10,10,10,10,10,10,10,10,9.12871,9.12871,10,10,10,10,10,10,9.12871,10,10,10,10,10,10,10,10,10,10,10,10,10,10,10,10,10,10,10,10,10,10,10,10,10,10,10,10,10,10,10,10,10,10,10,10,10,10,10,9.12871,9.12871,9.12871,10,9.12871,9.12871,9.2582,10,9.12871,9.2582,10,10,9.2582,10,10,10,9.2582,10
EXISTING_VIABLE,2,10,10,10,10,10,10,10,10,10,10,10,10,10,10,10,10,10,10,10,10,10,10,10,10,10,10,10,10,10,10,10,10,10,10,10,10,10,10,10,10,10,10,10,10,10,10,10,10,10,10,10,10,10,10,10,10,10,10,10,10,10,10,10,10,10,10,10,10,10,10,10,10,10,10,10,10,10,10,10,10,10,10,10,10,10,10,10,10,10,10,10,10,10,10,10,10,10,10,10,10
ORPHAN_ONLY,2,10,10,10,10,10,10,10,10,10,10,10,10
[QTABLE]
# state,action,q_value
0,0,73.282
0,1,99.6
0,2,99.9996
1,0,0
1,1,0
1,2,21.5283
2,0,0
2,1,0
2,2,0
[EPSILON]
# epsilon
0.0815687
[COUNTERS]
# s1count,s2count
1046,385
[QTABLE_CLUSTER]
# state,action,q_value
0,0,0
0,1,0
0,2,0
1,0,81.1282
1,1,92.322
1,2,0
2,0,0
2,1,0
2,2,42.6642
[EPSILON_CLUSTER]
# epsilon
0.02
[COUNTERS_CLUSTER]
# s1count,s2count
519,369
